,0,1
0,0.0,0.0
1,0.0004281556994992744,0.0
2,0.0008563113989985488,0.0
3,0.0006991754796271758,0.0
4,0.00027101978012790043,0.0
5,0.0,0.0
6,0.0,0.0
7,0.0,0.0
8,0.0,0.0
9,0.0,0.0
10,0.0,0.0
11,0.0,0.0
12,0.0,0.0
13,0.0,0.0
14,0.0,0.0
15,0.0,0.0
16,0.0,0.0
17,0.0,0.0
18,0.0,0.0
19,0.0,0.0
20,0.0,0.0
21,6.48780879222786e-05,0.0
22,0.000493033787421554,0.0
23,0.0009211894869208293,0.0
24,0.0006342973917048954,0.0
25,0.00020614169220562004,0.0
26,0.0,0.0
27,0.0,0.0
28,8.650411722970597e-05,0.0
29,0.0005146598167289813,0.0
30,0.0009428155162282567,0.0
31,0.000612671362397468,0.0
32,0.00018451566289819267,0.0
33,0.00024364003660108267,0.0
34,0.0006717957361003581,0.0
35,0.0008836911425253668,0.0
36,0.0004555354430260913,0.0
37,2.7379743526815973e-05,0.0
38,0.0,0.0
39,0.0,0.0
40,0.00026526606590851005,0.0
41,0.0006934217654077854,0.0
42,0.0008620651132179393,0.0
43,0.000433909413718664,0.0
44,5.753714219388598e-06,0.0
45,0.00042240198527988674,0.0
46,0.0008505576847791621,0.0
47,0.0007049291938465626,0.0
48,0.00027677349434728724,0.0
49,0.0,0.0
50,0.0,0.0
51,0.0,0.0
52,0.0,0.0
53,0.0,0.0
54,0.0,0.0
55,0.0,0.0
56,0.0,0.0
57,0.0,0.0
58,3.749834439546263e-05,0.0
59,0.00046565404389473444,0.0
60,0.0008938097433940064,0.0
61,0.0006616771352317219,0.0
62,0.0002335214357324501,0.0
63,0.0,0.0
64,0.0,0.0
65,5.9124373702865336e-05,0.0
66,0.00048728007320213715,0.0
67,0.000915435772701409,0.0
68,0.0006400511059243192,0.0
69,0.0002118954064250474,0.0
70,0.0,0.0
71,0.0,0.0
72,8.075040301026805e-05,0.0
73,0.0005089061025095399,0.0
74,0.0009370618020088117,0.0
75,0.0006184250766169165,0.0
76,0.0001902693771176447,0.0
77,0.00023788632238162712,0.0
78,0.0006660420218808989,0.0
79,0.0009922904118367924,0.0
80,0.0009942523632843175,0.0
81,0.0009962143147318426,0.0
82,0.0006013439014736373,0.0
83,0.00017318820197436552,0.0
84,0.00026405720585315337,0.0
85,0.0006922129053524252,0.0
86,0.0009963675623221773,0.0
87,0.000996372462175306,0.0
88,0.0009963773620284343,0.0
89,0.0009963774937205017,0.0
90,0.0009963774937205017,0.0
91,0.0009963774937205017,0.0
92,0.0009963774937205017,0.0
93,0.0009963774937205017,0.0
94,0.0009963774937205017,0.0
95,0.0009963774937205017,0.0
96,0.0009963774937205017,0.0
97,0.0009963774937205017,0.0
98,0.0009963774937205017,0.0
99,0.0009963774937205017,0.0
100,0.0011636320139603808,0.0
101,0.0015917877134596526,0.0
102,0.001988344247209138,0.0
103,0.001990306198656664,0.0
104,0.001992268150104189,0.0
105,0.002317134076558363,0.0
106,0.002745289776057635,0.0
107,0.0029854339865309425,0.0
108,0.002987403978763089,0.0
109,0.0030424990661085667,0.0
110,0.0034706547656078385,0.0
111,0.00389881046510711,0.0
112,0.004328629806856805,0.0
113,0.004758844072856313,0.0
114,0.00518905827708514,0.0
115,0.005619272417447389,0.0
116,0.006124843807604168,0.0
117,0.006985272088328666,0.0
118,0.007845700369053164,0.0
119,0.008336718639540917,0.0
120,0.008766932779903166,0.0
121,0.009197146920265414,0.0
122,0.009627361060627664,0.0
123,0.010057575200989911,0.0
124,0.010487789341352163,0.0
125,0.010918003481714412,0.0
126,0.010958283840711978,0.0
127,0.010959610570174446,0.0
128,0.011213909613203486,0.0
129,0.011642065312702758,0.0
130,0.011952514119783856,0.0
131,0.01195447607123138,0.0
132,0.011956438022678905,0.0
133,0.012367411675801469,0.0
134,0.012795567375300741,0.0
135,0.013774492408353798,0.0
136,0.015058959506851613,0.0
137,0.016346116504901597,0.0
138,0.017638817366851325,0.0
139,0.01893151822880105,0.0
140,0.020224219090750773,0.0
141,0.021516919952700497,0.0
142,0.022809620814650225,0.0
143,0.024102321676599946,0.0
144,0.02539191675381851,0.0
145,0.026676383852316327,0.0
146,0.027961350776120997,0.0
147,0.029254051638070724,0.0
148,0.03054675250002045,0.0
149,0.03183945336197017,0.0
150,0.0331321542239199,0.0
151,0.03478758708661495,0.0
152,0.03692836558411131,0.0
153,0.039023358445534506,0.0
154,0.04075244776533733,0.0
155,0.04248153708514016,0.0
156,0.04420408368919841,0.0
157,0.0459249402506474,0.0
158,0.0478466121216424,0.0
159,0.04998739061913876,0.0
160,0.05213083230796478,0.0
161,0.054288078332364965,0.0
162,0.056445324356765136,0.0
163,0.05858865158178045,0.0
164,0.060729430079276815,0.0
165,0.06265253656336688,0.0
166,0.06438162688826778,0.0
167,0.06610896973232487,0.0
168,0.06782982629377386,0.0
169,0.06955068285522285,0.0
170,0.07127153941667184,0.0
171,0.07299239597812085,0.0
172,0.0749660267882669,0.0
173,0.07712327281266709,0.0
174,0.07927619210502165,0.0
175,0.08141697060251801,0.0
176,0.08355774910001437,0.0
177,0.08571410993761155,0.0
178,0.08787135596201172,0.0
179,0.08975378582322846,0.0
180,0.09147464238467745,0.0
181,0.09332704075741804,0.0
182,0.0954678192549144,0.0
183,0.09760859775241076,0.0
184,0.09976579036036592,0.0
185,0.10192303638476607,0.0
186,0.1040690802175561,0.0
187,0.10620985871505245,0.0
188,0.10835662748531037,0.0
189,0.11051387350971056,0.0
190,0.11265088233237389,0.0
191,0.11437997265727479,0.0
192,0.1161090629821757,0.0
193,0.1181390023562806,0.0
194,0.12027978085377695,0.0
195,0.1220692241306167,0.0
196,0.1233619249925664,0.0
197,0.12473915737874008,0.0
198,0.1268964034031403,0.0
199,0.12905364942754047,0.0
200,0.13086995354529798,0.0
201,0.132590810106747,0.0
202,0.13450683891187284,0.0
203,0.1366476174093692,0.0
204,0.1388543270618461,0.0
205,0.14143972878574557,0.0
206,0.14402513050964502,0.0
207,0.14624069966107336,0.0
208,0.14838147815856972,0.0
209,0.1505307422399016,0.0
210,0.15268798826430177,0.0
211,0.15493035037759562,0.0
212,0.1575157561218874,0.0
213,0.16010116186617915,0.0
214,0.16268656406328508,0.0
215,0.16527196578718453,0.0
216,0.16784805015689053,0.0
217,0.17041698435388616,0.0
218,0.1730967653051931,0.0
219,0.17611032272859184,0.0
220,0.17912388015199054,0.0
221,0.18173805044698751,0.0
222,0.18432345217088694,0.0
223,0.1871727311331242,0.0
224,0.19018628855652292,0.0
225,0.19319490877421883,0.0
226,0.1961919986707137,0.0
227,0.19918908856720863,0.0
228,0.20220237127746157,0.0
229,0.20521592870086028,0.0
230,0.20822948612425898,0.0
231,0.21124304354765774,0.0
232,0.21425660097105645,0.0
233,0.21727015839445515,0.0
234,0.2202837158178539,0.0
235,0.2232972732412526,0.0
236,0.2263108306646513,0.0
237,0.22932438808805006,0.0
238,0.23233794551144876,0.0
239,0.23552312234173614,0.0
240,0.23896483546463415,0.0
241,0.24236905024313726,0.0
242,0.24536614013963215,0.0
243,0.24836323003612706,0.0
244,0.25137296436824735,0.0
245,0.25438652179164606,0.0
246,0.25720683377884873,0.0
247,0.25979223550274816,0.0
248,0.26243537277277973,0.0
249,0.26544893019617843,0.0
250,0.26846248761957714,0.0
251,0.27076180612585765,0.0
252,0.27290258462335404,0.0
253,0.27526649887348864,0.0
254,0.27785190059738807,0.0
255,0.28043730232128755,0.0
256,0.2830227040451869,0.0
257,0.2856081057690864,0.0
258,0.2881935074929859,0.0
259,0.2907789092168853,0.0
260,0.293355214883292,0.0
261,0.2959241490802877,0.0
262,0.2984969674159274,0.0
263,0.3010823691398269,0.0
264,0.3036677708637263,0.0
265,0.30625317258762574,0.0
266,0.3088385743115252,0.0
267,0.3116820947119707,0.0
268,0.31469564409458484,0.0
269,0.3174592526027782,0.0
270,0.3196000311002746,0.0
271,0.32174080959777085,0.0
272,0.3247280784993038,0.0
273,0.3277416359227025,0.0
274,0.33075519334610126,0.0
275,0.33376875076949997,0.0
276,0.3369265478562604,0.0
277,0.34036826097915834,0.0
278,0.3438099741020564,0.0
279,0.34725168722495436,0.0
280,0.35069340034785235,0.0
281,0.3544364890534834,0.0
282,0.3583063578758807,0.0
283,0.3620103610056089,0.0
284,0.36545207412850683,0.0
285,0.36892414305401,0.0
286,0.37279401187640726,0.0
287,0.3766638806988045,0.0
288,0.3805337495212018,0.0
289,0.38440361834359904,0.0
290,0.38845376766789685,0.0
291,0.3927353246628895,0.0
292,0.3970208802603371,0.0
293,0.4013353723091375,0.0
294,0.4056498643579378,0.0
295,0.40993784658817295,0.0
296,0.4142194035831656,0.0
297,0.4185170465590264,0.0
298,0.4228315386078267,0.0
299,0.427072422795407,0.0
300,0.4309587591447082,0.0
301,0.4348450954940093,0.0
302,0.43906951215468437,0.0
303,0.44335106914967715,0.0
304,0.44695814432447983,0.0
305,0.4499881692747824,0.0
306,0.4530145313831415,0.0
307,0.4560280888065402,0.0
308,0.4590416462299389,0.0
309,0.4620402852033392,0.0
310,0.4650373750998341,0.0
311,0.4680441715274789,0.0
312,0.4710577289508776,0.0
313,0.4740712863742763,0.0
314,0.47708484379767513,0.0
315,0.48009840122107383,0.0
316,0.4827024529152024,0.0
317,0.48528785463910185,0.0
318,0.48814725220220745,0.0
319,0.49116080962560615,0.0
320,0.4941743670490049,0.0
321,0.4971879244724036,0.0
322,0.5002013674319916,0.0
323,0.5031984573284866,0.0
324,0.5061955472249815,0.0
325,0.5094996290618558,0.0
326,0.5129413421847538,0.0
327,0.5163830553076518,0.0
328,0.5198247684305497,0.0
329,0.5232664815534478,0.0
330,0.5267081946763458,0.0
331,0.5301499077992438,0.0
332,0.5335916209221417,0.0
333,0.5370333340450397,0.0
334,0.5404750471679377,0.0
335,0.5439167602908358,0.0
336,0.5474491516445931,0.0
337,0.5517307086395858,0.0
338,0.5560122656345786,0.0
339,0.560319889854735,0.0
340,0.5646343819035353,0.0
341,0.5689488739523356,0.0
342,0.573263366001136,0.0
343,0.5775726385001672,0.0
344,0.5818541954951598,0.0
345,0.5861357524901526,0.0
346,0.5908055402074607,0.0
347,0.5955481879557604,0.0
348,0.6002908357040599,0.0
349,0.6050334834523596,0.0
350,0.609593729302801,0.0
351,0.6134635981251982,0.0
352,0.6173334669475955,0.0
353,0.6212033501226815,0.0
354,0.625073235026648,0.0
355,0.6284498784763318,0.0
356,0.6314634358997305,0.0
357,0.6344727200075287,0.0
358,0.6374698099040237,0.0
359,0.6404668998005185,0.0
360,0.6434795186206692,0.0
361,0.6464930760440679,0.0
362,0.6495066334674666,0.0
363,0.6525201908908654,0.0
364,0.6556664805491867,0.0
365,0.6591081936720847,0.0
366,0.6625499067949828,0.0
367,0.6655662418735226,0.0
368,0.6685797992969215,0.0
369,0.6713034885660262,0.0
370,0.6738888902899257,0.0
371,0.676627942957283,0.0
372,0.6796395384292343,0.0
373,0.6826504953332205,0.0
374,0.6856475852297155,0.0
375,0.6886446751262103,0.0
376,0.6919652397518298,0.0
377,0.6954069528747279,0.0
378,0.6988486659976259,0.0
379,0.7022903791205238,0.0
380,0.7057320922434217,0.0
381,0.7091738053663198,0.0
382,0.7126155184892178,0.0
383,0.7163903518250245,0.0
384,0.7202602206474218,0.0
385,0.7243200993956315,0.0
386,0.7286016563906241,0.0
387,0.7328879903419847,0.0
388,0.737202482390785,0.0
389,0.7415169744395853,0.0
390,0.7454767202461694,0.0
391,0.7493630565954705,0.0
392,0.753451764962143,0.0
393,0.7577333219571357,0.0
394,0.762021319449212,0.0
395,0.7663358114980126,0.0
396,0.7706503035468129,0.0
397,0.7749358438824191,0.0
398,0.7792174008774118,0.0
399,0.7835174857479014,0.0
400,0.7878319777967018,0.0
401,0.7920411173541063,0.0
402,0.7959274537034075,0.0
403,0.7998137900527086,0.0
404,0.8032868204742236,0.0
405,0.8067285335971216,0.0
406,0.8101702467200195,0.0
407,0.8136119598429176,0.0
408,0.8169218106558547,0.0
409,0.8199189005523495,0.0
410,0.8229159904488444,0.0
411,0.8259292197426524,0.0
412,0.8289427771660511,0.0
413,0.8319563345894498,0.0
414,0.8349698920128484,0.0
415,0.8379834494362473,0.0
416,0.840997006859646,0.0
417,0.8440105642830447,0.0
418,0.8470241217064434,0.0
419,0.8500376791298422,0.0
420,0.8530512365532408,0.0
421,0.8560647939766396,0.0
422,0.8590718040700646,0.0
423,0.8620688939665595,0.0
424,0.8651020399634334,0.0
425,0.8685437530863315,0.0
426,0.8719854662092295,0.0
427,0.8754271793321273,0.0
428,0.8788688924550254,0.0
429,0.8823106055779235,0.0
430,0.8857523187008214,0.0
431,0.8891940318237194,0.0
432,0.8926357449466175,0.0
433,0.8960774580695153,0.0
434,0.8995191711924133,0.0
435,0.9029608843153114,0.0
436,0.9068213518433851,0.0
437,0.9111029088383777,0.0
438,0.9160982163715536,0.0
439,0.9242990447696551,0.0
440,0.9324998731677566,0.0
441,0.9373081163105361,0.0
442,0.941589673305529,0.0
443,0.945889315582617,0.0
444,0.9502038076314174,0.0
445,0.9545106382358194,0.0
446,0.9587921952308123,0.0
447,0.963073752225805,0.0
448,0.9673854818813062,0.0
449,0.9716999739301067,0.0
450,0.9757478568709538,0.0
451,0.9796177256933509,0.0
452,0.9834922570083053,0.0
453,0.9873785933576065,0.0
454,0.9912649297069076,0.0
455,0.9947055592390653,0.0
456,0.9981308048350593,0.0
457,1.001566756612817,0.0
458,1.0050084697357151,0.0
459,1.009312782136274,0.0
460,1.0153398969830716,0.0
461,1.0213080019199863,0.0
462,1.0238934036438858,0.0
463,1.0264788053677854,0.0
464,1.029364193846847,0.0
465,1.032377751270246,0.0
466,1.0353849826603714,0.0
467,1.0383820725568664,0.0
468,1.0413802765677858,0.0
469,1.0443938339911845,0.0
470,1.0474073914145832,0.0
471,1.050420948837982,0.0
472,1.0534345062613806,0.0
473,1.0568202694735909,0.0
474,1.0606901382959881,0.0
475,1.0645600071183854,0.0
476,1.0684298759407826,0.0
477,1.07229974476318,0.0
478,1.0761696135855772,0.0
479,1.0800394824079744,0.0
480,1.083909351230372,0.0
481,1.087779220052769,0.0
482,1.0916518665303065,0.0
483,1.0955382028796077,0.0
484,1.0994245392289088,0.0
485,1.1036476738949033,0.0
486,1.107929230889896,0.0
487,1.1122284305735828,0.0
488,1.1165429226223829,0.0
489,1.1208501958201866,0.0
490,1.1251317528151794,0.0
491,1.1294133098101722,0.0
492,1.133724596872272,0.0
493,1.138039088921072,0.0
494,1.1423535809698726,0.0
495,1.146668073018673,0.0
496,1.1507427404912327,0.0
497,1.154167986087227,0.0
498,1.157593231683221,0.0
499,1.1610341740831267,0.0
500,1.1644758872060246,0.0
501,1.1679176003289224,0.0
502,1.1713593134518205,0.0
503,1.1746639294531471,0.0
504,1.177677486876546,0.0
505,1.1806910442999448,0.0
506,1.1837046017233435,0.0
507,1.186718159146742,0.0
508,1.1900259496110834,0.0
509,1.1934676627339815,0.0
510,1.1967506527060008,0.0
511,1.1997642101293995,0.0
512,1.2027777675527982,0.0
513,1.205791324976197,0.0
514,1.2088048823995958,0.0
515,1.2118184398229943,0.0
516,1.2148319972463932,0.0
517,1.2178386181628618,0.0
518,1.2208357080593564,0.0
519,1.2238345225439329,0.0
520,1.2268480799673318,0.0
521,1.2298616373907305,0.0
522,1.2332126799136867,0.0
523,1.2366543930365848,0.0
524,1.2400961061594828,0.0
525,1.2435378192823807,0.0
526,1.247046002717596,0.0
527,1.2509159037031319,0.0
528,1.2547858046886675,0.0
529,1.2586556786977061,0.0
530,1.2625255475201034,0.0
531,1.2663954163425009,0.0
532,1.2702652851648981,0.0
533,1.2742266334648298,0.0
534,1.27854112551363,0.0
535,1.2828556175624308,0.0
536,1.2871408221375253,0.0
537,1.2914223791325181,0.0
538,1.295722799763519,0.0
539,1.3000372918123195,0.0
540,1.3043433440628087,0.0
541,1.3086249010578015,0.0
542,1.3129064580527943,0.0
543,1.3176213292496881,0.0
544,1.3223639769979878,0.0
545,1.3268397714488718,0.0
546,1.331154263497672,0.0
547,1.335332360469607,0.0
548,1.3392022292920043,0.0
549,1.3430720981144015,0.0
550,1.350350187948665,0.0
551,1.3576617698939604,0.0
552,1.3617778885278595,0.0
553,1.3643468227248552,0.0
554,1.3670746097983817,0.0
555,1.3700881672217804,0.0
556,1.373101724645179,0.0
557,1.376115282068578,0.0
558,1.3791288394919765,0.0
559,1.3821423969153752,0.0
560,1.3851559543387741,0.0
561,1.3881695117621726,0.0
562,1.3911830691855716,0.0
563,1.39419662660897,0.0
564,1.397210184032369,0.0
565,1.4002237414557674,0.0
566,1.4032245399797303,0.0
567,1.4062216298762251,0.0
568,1.4094224882485815,0.0
569,1.4128642013714796,0.0
570,1.4163059144943777,0.0
571,1.4197476276172756,0.0
572,1.4231893407401737,0.0
573,1.426984411277717,0.0
574,1.4308542801001143,0.0
575,1.4345063013979302,0.0
576,1.4379480145208279,0.0
577,1.441389727643726,0.0
578,1.4448314407666245,0.0
579,1.4482731538895226,0.0
580,1.4520898504563737,0.0
581,1.455959719278771,0.0
582,1.4598295881011687,0.0
583,1.4636994569235662,0.0
584,1.4676772880122435,0.0
585,1.4719917800610445,0.0
586,1.476306272109845,0.0
587,1.480986865210886,0.0
588,1.4856965779053783,0.0
589,1.4904263751831934,0.0
590,1.4951690229314936,0.0
591,1.4997860809866608,0.0
592,1.5041005730354613,0.0
593,1.5084150650842618,0.0
594,1.5126973851713268,0.0
595,1.5169789421663198,0.0
596,1.5207167960603432,0.0
597,1.524174976710145,0.0
598,1.5274802794943358,0.0
599,1.5304938369177348,0.0
600,1.5335069441168114,0.0
601,1.5365040340133067,0.0
602,1.5395011239098018,0.0
603,1.542814271280486,0.0
604,1.546255984403384,0.0
605,1.5495288557745346,0.0
606,1.5525424131979335,0.0
607,1.5555559706213324,0.0
608,1.5585695280447314,0.0
609,1.56158308546813,0.0
610,1.564596642891529,0.0
611,1.5676102003149281,0.0
612,1.5704332899572713,0.0
613,1.573018691681171,0.0
614,1.5756569375310243,0.0
615,1.5786540274275194,0.0
616,1.5816511173240144,0.0
617,1.584661576593603,0.0
618,1.5876751340170019,0.0
619,1.5909007852507637,0.0
620,1.594342498373662,0.0
621,1.5977842114965601,0.0
622,1.6012259246194582,0.0
623,1.6046676377423568,0.0
624,1.6084785805949897,0.0
625,1.612348449417387,0.0
626,1.6159845984001138,0.0
627,1.6194263115230123,0.0
628,1.62306066723937,0.0
629,1.627342224234363,0.0
630,1.631623781229356,0.0
631,1.6355445482929252,0.0
632,1.6394308846422267,0.0
633,1.6435725668605063,0.0
634,1.6478870589093066,0.0
635,1.652312168784798,0.0
636,1.6570218814792899,0.0
637,1.6617315941737822,0.0
638,1.6664730362366094,0.0
639,1.671215683984909,0.0
640,1.6759583317332092,0.0
641,1.680700979481509,0.0
642,1.6852912835286469,0.0
643,1.6895728405236399,0.0
644,1.693854855373876,0.0
645,1.6981693474226764,0.0
646,1.7024838394714772,0.0
647,1.7064882490570075,0.0
648,1.7103581178794052,0.0
649,1.7142279867018022,0.0
650,1.7180978555242001,0.0
651,1.7219125680516658,0.0
652,1.724926125475065,0.0
653,1.727939682898464,0.0
654,1.730953240321863,0.0
655,1.7339667977452617,0.0
656,1.7369803551686607,0.0
657,1.7399939125920594,0.0
658,1.7430055775471212,0.0
659,1.7460026674436162,0.0
660,1.7489997573401113,0.0
661,1.752009995312999,0.0
662,1.7550235527363978,0.0
663,1.7580371101597967,0.0
664,1.7610506675831958,0.0
665,1.7639933948005138,0.0
666,1.7665787965244135,0.0
667,1.7691641982483128,0.0
668,1.7721130759877288,0.0
669,1.775126633411128,0.0
670,1.778368156959979,0.0
671,1.7818098700828775,0.0
672,1.7852515832057756,0.0
673,1.788693296328674,0.0
674,1.792135009451572,0.0
675,1.7959618246192939,0.0
676,1.7998316934416918,0.0
677,1.8037015622640895,0.0
678,1.8075714310864868,0.0
679,1.8114412999088843,0.0
680,1.8153111687312817,0.0
681,1.8191810375536794,0.0
682,1.8238487191368735,0.0
683,1.8285584318313657,0.0
684,1.833017789279026,0.0
685,1.8373322813278268,0.0
686,1.8415058455328546,0.0
687,1.845375714355252,0.0
688,1.8492455831776493,0.0
689,1.853115452000047,0.0
690,1.8569853208224445,0.0
691,1.8611592970971935,0.0
692,1.8654737891459938,0.0
693,1.8697761785545397,0.0
694,1.874057735549533,0.0
695,1.8782973224805888,0.0
696,1.8817555031303905,0.0
697,1.8852136837801927,0.0
698,1.8883452991779777,0.0
699,1.8913588566013768,0.0
700,1.8945513743773945,0.0
701,1.8979930875002926,0.0
702,1.901434800623191,0.0
703,1.904876513746089,0.0
704,1.9083182268689876,0.0
705,1.9114109169402032,0.0
706,1.9144080068366982,0.0
707,1.9174128115940368,0.0
708,1.9204263690174355,0.0
709,1.9233748499489722,0.0
710,1.9259602516728718,0.0
711,1.928545653396771,0.0
712,1.931131055120671,0.0
713,1.9337164568445706,0.0
714,1.9365155243485028,0.0
715,1.9395126142449979,0.0
716,1.9424263363326757,0.0
717,1.945011738056575,0.0
718,1.947597139780475,0.0
719,1.9509412381655857,0.0
720,1.9543829512884838,0.0
721,1.9580685028519238,0.0
722,1.9619383716743215,0.0
723,1.965808240496719,0.0
724,1.9696781093191165,0.0
725,1.9735479781415137,0.0
726,1.9774178469639114,0.0
727,1.9812877157863094,0.0
728,1.9848921201388574,0.0
729,1.9883338332617555,0.0
730,1.9920404537972933,0.0
731,1.996354945846094,0.0
732,2.0006694378948944,0.0
733,2.0049514222214473,0.0
734,2.0092329792164403,0.0
735,2.013823710595141,0.0
736,2.018566358343441,0.0
737,2.0231457654357943,0.0
738,2.0274273224307873,0.0
739,2.031694044915907,0.0
740,2.0355803812652087,0.0
741,2.03946671761451,0.0
742,2.0436380230670093,0.0
743,2.0479195800620023,0.0
744,2.0520479157999487,0.0
745,2.055950719676154,0.0
746,2.0598129270541503,0.0
747,2.0632546401770484,0.0
748,2.066696353299947,0.0
749,2.070468408980617,0.0
750,2.074338277803015,0.0
751,2.0780133139577037,0.0
752,2.081455027080602,0.0
753,2.0848351357805615,0.0
754,2.0878322256770567,0.0
755,2.090829315573552,0.0
756,2.0938399427233962,0.0
757,2.0968535001467954,0.0
758,2.099867057570194,0.0
759,2.1028806149935932,0.0
760,2.1059751212239437,0.0
761,2.109416834346842,0.0
762,2.1128585474697403,0.0
763,2.1159266659762515,0.0
764,2.1189402233996506,0.0
765,2.1217156960967256,0.0
766,2.1243010978206254,0.0
767,2.126882554358515,0.0
768,2.1294514885555107,0.0
769,2.1320204227525066,0.0
770,2.135394999034957,0.0
771,2.1388367121578553,0.0
772,2.1425381360363853,0.0
773,2.1464080048587824,0.0
774,2.15027787368118,0.0
775,2.1541477425035773,0.0
776,2.1580176113259752,0.0
777,2.1618874801483723,0.0
778,2.1657573489707698,0.0
779,2.1699193752236807,0.0
780,2.1742338672724815,0.0
781,2.178396923699681,0.0
782,2.182266792522079,0.0
783,2.1861465815414096,0.0
784,2.1904281385364026,0.0
785,2.1947096955313956,0.0
786,2.199014557358254,0.0
787,2.2033290494070545,0.0
788,2.207469648034589,0.0
789,2.2113395168569863,0.0
790,2.2152745003258563,0.0
791,2.220017148074156,0.0
792,2.224759795822456,0.0
793,2.228840781697358,0.0
794,2.2327106505197554,0.0
795,2.236580519342153,0.0
796,2.2404503881645503,0.0
797,2.244266687923522,0.0
798,2.24770840104642,0.0
799,2.2511501141693184,0.0
800,2.2549380421650778,0.0
801,2.2588079109874757,0.0
802,2.262467074827075,0.0
803,2.2659087879499737,0.0
804,2.269272413861187,0.0
805,2.272269503757682,0.0
806,2.275266593654177,0.0
807,2.2782778312776784,0.0
808,2.2812913887010775,0.0
809,2.2843049461244767,0.0
810,2.287318503547876,0.0
811,2.2903320609712745,0.0
812,2.293345618394673,0.0
813,2.296359175818072,0.0
814,2.299372733241471,0.0
815,2.30238629066487,0.0
816,2.3051458910468563,0.0
817,2.3077312927707556,0.0
818,2.310312138834988,0.0
819,2.3128810730319844,0.0
820,2.31545000722898,0.0
821,2.3188569386152666,0.0
822,2.3222986517381647,0.0
823,2.3257403648610633,0.0
824,2.3291820779839614,0.0
825,2.3326237911068595,0.0
826,2.3360655042297576,0.0
827,2.3395072173526557,0.0
828,2.342948930475554,0.0
829,2.3463906435984523,0.0
830,2.3501295658213786,0.0
831,2.353999434643776,0.0
832,2.3580247834757544,0.0
833,2.3623063404707474,0.0
834,2.36661610134871,0.0
835,2.3713587490970096,0.0
836,2.3761013968453097,0.0
837,2.380525209464274,0.0
838,2.3848397015130747,0.0
839,2.3889638173518626,0.0
840,2.39283368617426,0.0
841,2.3967495312939726,0.0
842,2.4010310882889656,0.0
843,2.4053126452839586,0.0
844,2.409279930440204,0.0
845,2.4131662667895055,0.0
846,2.4172417889251876,0.0
847,2.4215233459201806,0.0
848,2.4257408031811596,0.0
849,2.4296271395304605,0.0
850,2.433513475879762,0.0
851,2.4370237986108068,0.0
852,2.4404655117337053,0.0
853,2.4439072248566034,0.0
854,2.447348937979502,0.0
855,2.4507906511024,0.0
856,2.454232364225298,0.0
857,2.457674077348196,0.0
858,2.4611157904710943,0.0
859,2.464557503593993,0.0
860,2.469249779634678,0.0
861,2.474848738781977,0.0
862,2.479767202943526,0.0
863,2.4827807603669245,0.0
864,2.4857943177903237,0.0
865,2.4883869459961345,0.0
866,2.4909558801931304,0.0
867,2.4938050217988015,0.0
868,2.4968185792222,0.0
869,2.4999664359318294,0.0
870,2.5034080847284503,0.0
871,2.506849733525072,0.0
872,2.51029144646912,0.0
873,2.513733159592018,0.0
874,2.517466328100726,0.0
875,2.521336196923124,0.0
876,2.5252060657455213,0.0
877,2.529075934567919,0.0
878,2.5329458033903163,0.0
879,2.536815672212714,0.0
880,2.5406855410351117,0.0
881,2.5445554098575087,0.0
882,2.548425278679906,0.0
883,2.5524795487013976,0.0
884,2.5567940407501983,0.0
885,2.561064853408818,0.0
886,2.5649347222312153,0.0
887,2.5688045910536133,0.0
888,2.5733310014016126,0.0
889,2.578040714096105,0.0
890,2.5827657496793943,0.0
891,2.587508397427694,0.0
892,2.592251045175994,0.0
893,2.5969936929242943,0.0
894,2.6017363406725944,0.0
895,2.6057526163398244,0.0
896,2.6096224851622214,0.0
897,2.613271530400951,0.0
898,2.616713243523849,0.0
899,2.6200696429531423,0.0
900,2.6230832003765414,0.0
901,2.62609675779994,0.0
902,2.629095778319376,0.0
903,2.6320928682158713,0.0
904,2.635099283097481,0.0
905,2.63811284052088,0.0
906,2.6411263979442783,0.0
907,2.6441399553676774,0.0
908,2.6471535127910766,0.0
909,2.649767484682128,0.0
910,2.6523528864060273,0.0
911,2.6552023637722106,0.0
912,2.65821592119561,0.0
913,2.661095968030165,0.0
914,2.6636649022271612,0.0
915,2.6662338364241562,0.0
916,2.6692401826274867,0.0
917,2.672253740050886,0.0
918,2.6752672974742846,0.0
919,2.6782808548976833,0.0
920,2.6814446041026097,0.0
921,2.684886317225508,0.0
922,2.688328030348406,0.0
923,2.6917697434713044,0.0
924,2.695211456594203,0.0
925,2.698345842016202,0.0
926,2.701359399439601,0.0
927,2.7047165924846697,0.0
928,2.708586461307067,0.0
929,2.7124563301294646,0.0
930,2.7163261989518626,0.0
931,2.72019606777426,0.0
932,2.7240659365966575,0.0
933,2.7279358054190546,0.0
934,2.7319916779338973,0.0
935,2.73627323492889,0.0
936,2.7405592483815817,0.0
937,2.744873740430382,0.0
938,2.7491882324791828,0.0
939,2.7535027245279835,0.0
940,2.7578172165767842,0.0
941,2.7621151647894733,0.0
942,2.7663967217844663,0.0
943,2.77076395875726,0.0
944,2.7755066065055596,0.0
945,2.78024925425386,0.0
946,2.784233174817254,0.0
947,2.7881030436396514,0.0
948,2.7919729124620485,0.0
949,2.7958427812844464,0.0
950,2.799510278089456,0.0
951,2.8025238355128548,0.0
952,2.805537392936254,0.0
953,2.809338613995912,0.0
954,2.8132084828183093,0.0
955,2.816820029712641,0.0
956,2.820261742835539,0.0
957,2.8237034559584373,0.0
958,2.8271451690813354,0.0
959,2.8305868822042344,0.0
960,2.8340285953271325,0.0
961,2.8374703084500306,0.0
962,2.8406320736155557,0.0
963,2.843645631038955,0.0
964,2.8475258168662085,0.0
965,2.8531083084866027,0.0
966,2.8587089998529205,0.0
967,2.8651642703992177,0.0
968,2.871619540945515,0.0
969,2.87595219458556,0.0
970,2.879393907708458,0.0
971,2.882835620831356,0.0
972,2.8862773339542547,0.0
973,2.8897496012837056,0.0
974,2.893619470106103,0.0
975,2.897489338928501,0.0
976,2.9013592077508985,0.0
977,2.905229076573296,0.0
978,2.909098945395693,0.0
979,2.9129688142180905,0.0
980,2.9168386830404884,0.0
981,2.9207085518628855,0.0
982,2.9245784206852834,0.0
983,2.92880637809318,0.0
984,2.933120870141981,0.0
985,2.937217995414195,0.0
986,2.941087864236592,0.0
987,2.9450287006216516,0.0
988,2.9493102576166446,0.0
989,2.953591814611637,0.0
990,2.958268012302357,0.0
991,2.963010660050657,0.0
992,2.9675046008309915,0.0
993,2.9717861578259845,0.0
994,2.9758841911777547,0.0
995,2.979342371827557,0.0
996,2.982800552477359,0.0
997,2.9862438070462414,0.0
998,2.9896855201691395,0.0
999,2.993127233292038,0.0
1000,2.996568946414936,0.0
1001,2.999893601214051,0.0
1002,3.00290715863745,0.0
1003,3.005920716060849,0.0
1004,3.008934273484248,0.0
1005,3.0119478309076464,0.0
1006,3.014687194087891,0.0
1007,3.0172725958117903,0.0
1008,3.0199913478752007,0.0
1009,3.0229884377716956,0.0
1010,3.0259856497629225,0.0
1011,3.0289992071863217,0.0
1012,3.0320127646097204,0.0
1013,3.0350263220331195,0.0
1014,3.0380398794565178,0.0
1015,3.041053436879917,0.0
1016,3.044066994303316,0.0
1017,3.0470805517267148,0.0
1018,3.050094109150114,0.0
1019,3.0531076665735126,0.0
1020,3.0564386702986814,0.0
1021,3.05988038342158,0.0
1022,3.063322096544478,0.0
1023,3.066763809667376,0.0
1024,3.070296590198111,0.0
1025,3.074578147193104,0.0
1026,3.0788597041880967,0.0
1027,3.082828271339018,0.0
1028,3.08671460768832,0.0
1029,3.090593114712967,0.0
1030,3.0944629835353648,0.0
1031,3.0983982875029055,0.0
1032,3.102679844497899,0.0
1033,3.106961401492892,0.0
1034,3.1112707045156065,0.0
1035,3.1155851965644072,0.0
1036,3.119665839047874,0.0
1037,3.123535707870272,0.0
1038,3.1274090258688334,0.0
1039,3.1312953622181343,0.0
1040,3.135181698567436,0.0
1041,3.1398032741276847,0.0
1042,3.1445129868221766,0.0
1043,3.1489948707477815,0.0
1044,3.1533093627965822,0.0
1045,3.1573969646797306,0.0
1046,3.1608386778026287,0.0
1047,3.1642803909255277,0.0
1048,3.1681260544674257,0.0
1049,3.1719959232898236,0.0
1050,3.1753289110543483,0.0
1051,3.178342468477747,0.0
1052,3.1814889565400186,0.0
1053,3.1849306696629167,0.0
1054,3.188372382785815,0.0
1055,3.191814095908713,0.0
1056,3.1952558090316114,0.0
1057,3.1986975221545095,0.0
1058,3.202139235277407,0.0
1059,3.205426391732126,0.0
1060,3.2084399491555247,0.0
1061,3.2114527740105347,0.0
1062,3.2144498639070296,0.0
1063,3.217446953803525,0.0
1064,3.2204560318764646,0.0
1065,3.2234695892998633,0.0
1066,3.22665932942075,0.0
1067,3.230101042543648,0.0
1068,3.233502082859122,0.0
1069,3.2365156402825215,0.0
1070,3.23952919770592,0.0
1071,3.243209392363038,0.0
1072,3.2470792611854353,0.0
1073,3.2509491300078324,0.0
1074,3.25481899883023,0.0
1075,3.258688867652628,0.0
1076,3.262558736475025,0.0
1077,3.2664286052974223,0.0
1078,3.270667070483147,0.0
1079,3.274981562531948,0.0
1080,3.279068180026334,0.0
1081,3.282938048848732,0.0
1082,3.2867239928050895,0.0
1083,3.2901657059279885,0.0
1084,3.293607419050886,0.0
1085,3.297425702849259,0.0
1086,3.3012955716716563,0.0
1087,3.3051654404940543,0.0
1088,3.3090353093164517,0.0
1089,3.3130066693843747,0.0
1090,3.3172882263793677,0.0
1091,3.3215697833743607,0.0
1092,3.3258819708851064,0.0
1093,3.330196462933907,0.0
1094,3.334238164828962,0.0
1095,3.338108033651359,0.0
1096,3.3419779024737566,0.0
1097,3.345847771296155,0.0
1098,3.349717640118552,0.0
1099,3.3531676862068593,0.0
1100,3.356609399329758,0.0
1101,3.3597667996086304,0.0
1102,3.362780357032029,0.0
1103,3.3657939144554287,0.0
1104,3.3688074718788275,0.0
1105,3.3718077362383285,0.0
1106,3.374393137962228,0.0
1107,3.3769785396861276,0.0
1108,3.3801758191566935,0.0
1109,3.383617532279592,0.0
1110,3.386882261458325,0.0
1111,3.389879351354821,0.0
1112,3.3929127033865676,0.0
1113,3.3963544165094657,0.0
1114,3.3997961296323647,0.0
1115,3.4032378427552623,0.0
1116,3.406679555878161,0.0
1117,3.409929213988482,0.0
1118,3.4129427714118807,0.0
1119,3.416012873957793,0.0
1120,3.4194545870806907,0.0
1121,3.4228963002035893,0.0
1122,3.4266872042584353,0.0
1123,3.4305570730808337,0.0
1124,3.434426941903231,0.0
1125,3.438296810725628,0.0
1126,3.442088508396205,0.0
1127,3.4455302215191033,0.0
1128,3.448971934642002,0.0
1129,3.452784464726156,0.0
1130,3.4566543335485536,0.0
1131,3.460524202370951,0.0
1132,3.4643940711933485,0.0
1133,3.4682639400157464,0.0
1134,3.472133808838144,0.0
1135,3.4760036776605414,0.0
1136,3.480281083434678,0.0
1137,3.4845955754834783,0.0
1138,3.489147236548125,0.0
1139,3.493856949242618,0.0
1140,3.4984545789736305,0.0
1141,3.5027690710224313,0.0
1142,3.507083563071232,0.0
1143,3.510968060368628,0.0
1144,3.5148379291910246,0.0
1145,3.518707798013423,0.0
1146,3.5225776668358204,0.0
1147,3.5263044864184745,0.0
1148,3.529746199541372,0.0
1149,3.533195452013951,0.0
1150,3.537065320836348,0.0
1151,3.5409351896587453,0.0
1152,3.5442046881629126,0.0
1153,3.5472182455863113,0.0
1154,3.5502318030097104,0.0
1155,3.5532453604331096,0.0
1156,3.5562297524775213,0.0
1157,3.558815154201421,0.0
1158,3.5614005559253203,0.0
1159,3.5646295800260654,0.0
1160,3.568071293148963,0.0005309444715264511
1161,3.5713195395389508,0.0005313937166559781
1162,3.5743166294354456,0.0
1163,3.57726488143935,0.0
1164,3.5798502831632497,0.0
1165,3.582435684887149,0.0
1166,3.585707961046509,0.0
1167,3.5891496741694073,0.0
1168,3.592799314619972,0.0
1169,3.596669183442369,0.0005430680546064192
1170,3.6005390522647662,0.0005728510147959268
1171,3.604408921087164,0.0005207524230426934
1172,3.6082787899095616,0.0
1173,3.612148658731959,0.0
1174,3.616018527554357,0.0
1175,3.6198883963767536,0.0
1176,3.623758265199151,0.0
1177,3.6275340905546387,0.000567562634799125
1178,3.6309758036775373,0.0005821356674573722
1179,3.634417516800436,0.0005967087001156193
1180,3.6382459191996794,0.00056077390098437
1181,3.642115788022077,0.0005194229208165939
1182,3.6459953175901,0.0
1183,3.6498816539394014,0.0
1184,3.6537635414619256,0.0
1185,3.6576334102843227,0.0
1186,3.66150327910672,0.0
1187,3.6653731479291185,0.0005009842865761425
1188,3.6692430167515155,0.0005323163067913738
1189,3.673375198473518,0.0005243013920658722
1190,3.677656755468511,0.0
1191,3.6820861691833002,0.0
1192,3.6868288169316004,0.0
1193,3.691567824730691,0.0
1194,3.6954376935530884,0.0
1195,3.699307562375486,0.0
1196,3.703177431197883,0.0
1197,3.7070473000202804,0.0
1198,3.7105993257330128,0.0
1199,3.7136128831564115,0.0
1200,3.716649852244579,0.0
1201,3.7200915653674778,0.0
1202,3.7235332784903754,0.0
1203,3.7266589341390692,0.0
1204,3.729672491562469,0.0
1205,3.7328665965700085,0.0
1206,3.736308309692906,0.0
1207,3.7396599474276515,0.0005712239362061307
1208,3.7422453491515513,0.0005231329284339152
1209,3.7448307508754506,0.0
1210,3.7477408482758037,0.0
1211,3.7507379381722994,0.0
1212,3.753944977590452,0.0
1213,3.75738669071335,0.0005068115370418698
1214,3.76069507638948,0.0005589631400571533
1215,3.7632804781133795,0.0005778170010587605
1216,3.7658658798372793,0.0005966708620603677
1217,3.7688105910939984,0.0005686695614685563
1218,3.771824148517397,0.0005316904910982542
1219,3.775285305226308,0.0005084703759603303
1220,3.7791551740487046,0.0
1221,3.783823046405047,0.0005114305179472423
1222,3.791562784049841,0.0006184853820765372
1223,3.799302521694637,0.0007255402462058322
1224,3.8032182523503866,0.0006867803709072814
1225,3.806659965473285,0.0006299455435401177
1226,3.8101016785961828,0.0005853277020610549
1227,3.8135433917190813,0.0005498059349565774
1228,3.817095020623979,0.0005340656415526176
1229,3.820964889446376,0.0005755987846286218
1230,3.8248347582687736,0.000617131927704626
1231,3.833148287735085,0.0005852529017333659
1232,3.841744336778879,0.0005487064682701056
1233,3.847669868808964,0.000518820988683999
1234,3.851984360857765,0.0
1235,3.856288734305696,0.0
1236,3.860570291300689,0.0005027758383081888
1237,3.864851848295682,0.0005239978171167612
1238,3.8691660351076553,0.0005754493000413701
1239,3.8734805271564556,0.0006271835659781473
1240,3.8774952384849364,0.0006177531323413055
1241,3.881365107307334,0.0005787702699804946
1242,3.885081808289117,0.0005420030758382389
1243,3.888523521412015,0.0005092137523571829
1244,3.891947576584363,0.0
1245,3.8949611340077617,0.0005343000665607633
1246,3.897974691431161,0.0005885846132127338
1247,3.9037929174544335,0.00059945878074609
1248,3.9106763437002297,0.0005938458861363121
1249,3.9159799022755757,0.0005788487158880077
1250,3.9189934596989753,0.0005502491392961977
1251,3.922046301102233,0.0005283852008437884
1252,3.9254880142251305,0.0005731972762678982
1253,3.928929727348029,0.0006180093516920081
1254,3.932371440470927,0.000677508585934418
1255,3.935813153593825,0.0007412656038142491
1256,3.939058446817494,0.0007525414709468711
1257,3.9420720042408925,0.0007019001824594625
1258,3.945083218971631,0.0006558976327572287
1259,3.9480803088681267,0.0006378635048426478
1260,3.951077398764621,0.000619829376928067
1261,3.954441642780433,0.00064601981107473
1262,3.9578833559033315,0.0006815415781792073
1263,3.96132506902623,0.000704864128298213
1264,3.9647667821491277,0.0007164314729706967
1265,3.9682910313104993,0.0007228016879231068
1266,3.972160900132897,0.0007074089221778334
1267,3.9760307689552947,0.0006920161564325599
1268,3.979900637777692,0.0006556327452652285
1269,3.9837705066000897,0.0006162855570879613
1270,3.9876495935747123,0.0006264961341900562
1271,3.991535929924013,0.0006756801194116402
1272,3.995418260039939,0.0007271685751593522
1273,3.999288128862336,0.0007858250316087967
1274,4.003157997684734,0.0008444814880582413
1275,4.006631058629914,0.0008042060962908719
1276,4.010072771752813,0.0007561150885186564
1277,4.013775782862864,0.0007226987464646709
1278,4.017645651685261,0.0006986532425785632
1279,4.021515520507658,0.000689004010866055
1280,4.025385389330056,0.0007139603292933032
1281,4.029255258152453,0.0007389166477205514
1282,4.033125126974851,0.0007597783525288191
1283,4.036994995797249,0.0007805449240668212
1284,4.044270834510107,0.0007402651342590884
1285,4.053295039253401,0.0006686487830926197
1286,4.060686349058151,0.0006309096163211023
1287,4.064967906053144,0.0006576875638306314
1288,4.06922657028596,0.0006858076754943703
1289,4.072684750935762,0.0007608587936843429
1290,4.076142931585564,0.0008359099118743154
1291,4.079284848726299,0.000807561210236765
1292,4.082298406149699,0.0007372463276607228
1293,4.085311963573097,0.0006859182563107689
1294,4.088325520996497,0.0006636943815069421
1295,4.091339078419895,0.0006457217061418001
1296,4.094352635843294,0.0006777823779899437
1297,4.097366193266693,0.0007098430498380874
1298,4.100379750690092,0.000756058741962643
1299,4.103393308113492,0.0008067000304500517
1300,4.10640686553689,0.0008390891526561631
1301,4.109420422960289,0.0008487437867922519
1302,4.112489136678636,0.0008494575817626707
1303,4.115930849801534,0.0007897081478638575
1304,4.119372562924432,0.0007299587139650444
1305,4.122453096938933,0.0007421254742161975
1306,4.125450186835427,0.0007709072137162355
1307,4.1284554418170885,0.0008242564661054682
1308,4.131468999240488,0.0009025865166435466
1309,4.134559338988142,0.0009588984908763466
1310,4.138001052111039,0.0009144507412686929
1311,4.141442765233939,0.0008700029916610393
1312,4.144884478356836,0.000823040414730782
1313,4.148326191479734,0.0007756780585914788
1314,4.151767904602632,0.0007731009345964754
1315,4.155209617725531,0.0008077118871598123
1316,4.158651330848429,0.0008441650655386521
1317,4.1620930439713275,0.0008867911860640248
1318,4.165534757094226,0.0009294173065893977
1319,4.1697435379983885,0.0009241266474417583
1320,4.174025094993382,0.0009142898503974415
1321,4.178070764967205,0.0008494388421104868
1322,4.181957101316506,0.0007474276135027571
1323,4.185838820958774,0.0006845358272361762
1324,4.189708689781172,0.0007220613863311625
1325,4.193578558603569,0.0007595869454261487
1326,4.197448427425967,0.0008025554444298638
1327,4.201318296248364,0.0008457280536799209
1328,4.205475995769244,0.000839254348581871
1329,4.2097904878180445,0.0008057363734679027
1330,4.214094082912062,0.0007732430014032129
1331,4.218375639907054,0.000742821795729122
1332,4.222663820541248,0.0007133138525711049
1333,4.227406468289547,0.0007464675018686171
1334,4.232149116037848,0.0007796211511661293
1335,4.236569983121402,0.0008298096491819945
1336,4.240851540116394,0.0008873731281820706
1337,4.244982371165402,0.0009172173720933503
1338,4.248868707514703,0.0009020978507104188
1339,4.25269842243226,0.000883917519755419
1340,4.2557119798556595,0.0008216178051414125
1341,4.258725537279058,0.0007593180905274061
1342,4.262059517063314,0.0007634094964619662
1343,4.265501230186213,0.000789823118155039
1344,4.26894294330911,0.000828903055282798
1345,4.272384656432009,0.0008846449052005932
1346,4.275826369554906,0.0009292047550554522
1347,4.279268082677805,0.0008880359377959042
1348,4.282709795800703,0.0008468671205363561
1349,4.285809460533437,0.0008431535042717916
1350,4.288823017956836,0.0008488688655174479
1351,4.292043113880336,0.0008534089151400415
1352,4.295484827003234,0.000856687847488147
1353,4.298855511516095,0.0008687909604568877
1354,4.301869068939494,0.0009252614620075951
1355,4.304882626362892,0.0009817319635583026
1356,4.307896183786292,0.000988370141793294
1357,4.310909741209691,0.0009861728017127927
1358,4.313686358544858,0.0009496170617312345
1359,4.316255292741854,0.000882945437319754
1360,4.318920445218168,0.0008381917755850419
1361,4.3219340026415685,0.0008728027281483787
1362,4.324947560064967,0.0009074136807117155
1363,4.328346417937145,0.0009516964876309099
1364,4.331788131060043,0.000997055051779704
1365,4.335479634741658,0.0010011786189995657
1366,4.339349503564055,0.0009758579747558615
1367,4.343105091717801,0.0009565816274921603
1368,4.346546804840698,0.0009539061097775602
1369,4.349988517963598,0.0009512305920629604
1370,4.354228433024282,0.0009581530094355665
1371,4.358509990019274,0.000965576147945861
1372,4.362812425213347,0.000995084217727212
1373,4.367126917262147,0.0010373460124361287
1374,4.371305502612988,0.0010695900078676892
1375,4.37519183896229,0.0010802920787260895
1376,4.379078160049749,0.0010909028570940242
1377,4.382948028872147,0.0010031003353280852
1378,4.386817897694544,0.0009152978135621463
1379,4.390687766516941,0.0009018032393495283
1380,4.394557635339339,0.0009225698108875303
1381,4.398578977937955,0.0009444087631421234
1382,4.402860534932948,0.000968089941211775
1383,4.407121763155138,0.0009898877844116767
1384,4.411008099504439,0.0009769542179274824
1385,4.414894435853741,0.0009640206514432882
1386,4.41907123556917,0.0009482086915355355
1387,4.423352792564163,0.0009313586225244372
1388,4.42728981348882,0.0009204969639172729
1389,4.430747994138622,0.0009179580683838439
1390,4.434204495985866,0.000919986435064302
1391,4.437646209108765,0.0009622482297732186
1392,4.441087922231662,0.0010045100244821352
1393,4.444529635354561,0.001017529892541749
1394,4.447971348477458,0.0010225621428815498
1395,4.451413061600357,0.0010009735802105452
1396,4.454854774723255,0.0009492393142737681
1397,4.458231212950335,0.0009084749189327621
1398,4.461244770373734,0.0009286950017460798
1399,4.464258327797133,0.0009489150845593977
1400,4.467629805925786,0.001002789215986189
1401,4.471071519048684,0.0010632673015179145
1402,4.474068410541203,0.0010853269089322417
1403,4.476653812265102,0.0010718468537233633
1404,4.479322772570853,0.0010593003623161497
1405,4.482319862467349,0.0010504199205400304
1406,4.485316952363844,0.001041539478763911
1407,4.4913796120394895,0.0010851557487129649
1408,4.497834882585787,0.0011354953298836209
1409,4.50257250918812,0.0011488365259681487
1410,4.506014222311018,0.0011342634933099015
1411,4.509455935433916,0.0011193672438881096
1412,4.512897648556814,0.0011035190708722658
1413,4.516339361679712,0.001087670897856422
1414,4.52018224756648,0.0011156881946816073
1415,4.524052116388877,0.0011466558890803823
1416,4.52765632233747,0.0011783017562339358
1417,4.531098035460368,0.0012103624280820795
1418,4.534669901567007,0.0012281917704452378
1419,4.538539770389405,0.0012134365748787625
1420,4.542409639211803,0.0011986813793122874
1421,4.5462795080342,0.0011734929255751826
1422,4.550149376856598,0.0011481722813314783
1423,4.554019245678995,0.0011413083356795158
1424,4.557889114501392,0.001143494290578253
1425,4.561758983323791,0.0011603389571695087
1426,4.565628852146188,0.0012038758922360221
1427,4.569531884950055,0.0012454227946024918
1428,4.574274532698354,0.0012365878935534293
1429,4.579017180446654,0.001227752992504367
1430,4.5834271505754245,0.001173245891397407
1431,4.5877087075704175,0.0011011093797390838
1432,4.591830198372466,0.001080321536171346
1433,4.595716534721768,0.0011349704086397727
1434,4.5996378512116465,0.001183315245817866
1435,4.6039194082066395,0.0011667384211691099
1436,4.6082009652016325,0.0011501615965203535
1437,4.612177407462723,0.001152288800083741
1438,4.616063743812024,0.0011599396422293207
1439,4.6197475478945975,0.0011463481620697586
1440,4.6231892610174965,0.0011073652997089475
1441,4.626571452958794,0.0010742195852203465
1442,4.6295850103821925,0.0010772252732061099
1443,4.632598567805592,0.0010802309611918734
1444,4.635612125228991,0.0011481891639044599
1445,4.638625682652389,0.0012301624726071
1446,4.641639240075789,0.0012536944087705778
1447,4.6446527974991865,0.0012201764336566094
1448,4.6476663549225865,0.0011853810390380513
1449,4.650679912345985,0.0011451230363196435
1450,4.653693469769384,0.001104865033601236
1451,4.6566926505381545,0.001134899966124356
1452,4.65968974043465,0.0011751579688427636
1453,4.662695995066925,0.001232751920879482
1454,4.665709552490323,0.0013041597809048929
1455,4.6687231099137225,0.0013569950857135389
1456,4.671736667337122,0.001351029250469069
1457,4.67475022476052,0.0013450634152245991
1458,4.67815920123357,0.0013180261725734069
1459,4.681600914356468,0.0012892444330733688
1460,4.685302536638953,0.0012622319866950928
1461,4.689172405461351,0.0012363648537267043
1462,4.693042274283748,0.0012390782200530784
1463,4.696912143106146,0.001311579057527858
1464,4.700782011928544,0.0013840798950026374
1465,4.704651880750941,0.0013769564220695821
1466,4.708521749573339,0.0013677116544770066
1467,4.712391618395737,0.0013171122136518664
1468,4.716261487218133,0.001244975701993543
1469,4.7199853307417,0.0012100537725337902
1470,4.723427043864599,0.0012470328429040921
1471,4.726868756987497,0.001284235607300234
1472,4.730310470110395,0.0013303228230819406
1473,4.733752183233293,0.0013764100388636471
1474,4.740225508538212,0.0013315603364099308
1475,4.747948778656103,0.0012492170092999527
1476,4.755691393158011,0.0012310741048977573
1477,4.7634640658566125,0.0013126887803748234
1478,4.770974662213995,0.0013886416281703488
1479,4.775256219208988,0.0013948351670501037
1480,4.779537776203981,0.0014010287059298585
1481,4.783519529585888,0.0013555414966098939
1482,4.78740586593519,0.0012936061078123438
1483,4.791284922386128,0.001262473386315258
1484,4.795154791208525,0.0012702153099149519
1485,4.7989171250961595,0.001282246460937256
1486,4.801930682519558,0.0013241439298297163
1487,4.804944239942957,0.0013660413987221767
1488,4.808304210643173,0.0013876734551051169
1489,4.811745923766072,0.0014045235241162152
1490,4.815187636888969,0.001381667692583418
1491,4.818629350011868,0.0013179106747035869
1492,4.822071063134766,0.0012646427962968074
1493,4.825512776257664,0.0012604530494075613
1494,4.828954489380562,0.0012562633025183154
1495,4.83239620250346,0.0013446157739407634
1496,4.8358379156263585,0.001448084305814318
1497,4.839038155894117,0.001488780579991015
1498,4.842035245790612,0.001476666746593847
1499,4.845036067207338,0.0014575563127641972
1500,4.848049624630736,0.0014145658664223683
1501,4.851063182054135,0.0013715754200805392
1502,4.854085286824135,0.0013440912624716102
1503,4.85710823588397,0.001318138785113356
1504,4.860115834810237,0.0013341925135576705
1505,4.8631129247067335,0.0013790045889817803
1506,4.866233223449122,0.0014218984670345584
1507,4.86967493657202,0.0014597883519460008
1508,4.873116649694918,0.0014976782368574433
1509,4.876558362817816,0.0014277756265851337
1510,4.880000075940714,0.0013534531600280734
1511,4.883982745033169,0.0013317842574435018
1512,4.888264302028163,0.0013392073959537965
1513,4.8924217726213834,0.0013679511707824785
1514,4.896324576497588,0.0014404520082572578
1515,4.900227014089598,0.0015121191845226007
1516,4.904096882911995,0.0015096599852615215
1517,4.907966751734392,0.0015072007860004422
1518,4.911539213052806,0.001469754701591509
1519,4.914980926175705,0.0014169274582053633
1520,4.9185845369125225,0.001378392996851372
1521,4.9224544057349195,0.0013633645569225547
1522,4.926297886833462,0.0013510923228338683
1523,4.92973959995636,0.0013807848768750469
1524,4.933181313079259,0.0014104774309162253
1525,4.936942059735448,0.0014530648903618801
1526,4.940811928557846,0.0015000629206847272
1527,4.944681797380243,0.0015058337200579011
1528,4.94855166620264,0.0014566497348363172
1529,4.952467702095388,0.001410305228720306
1530,4.95674925909038,0.0013864418877424264
1531,4.9610308160853736,0.0013625785467645465
1532,4.965338577662105,0.00142408300802067
1533,4.969653069710905,0.001507513619989135
1534,4.973754521715151,0.0015438987616136538
1535,4.977624390537549,0.0015291435660471787
1536,4.981494259359945,0.001511514366524056
1537,4.985364128182343,0.001479089368859456
1538,4.989233997004741,0.0014466643711948562
1539,4.992741580235231,0.0014301926405326099
1540,4.996183293358129,0.001416621503869617
1541,4.999398162637448,0.0014292457395050793
1542,5.0024115914082925,0.001465131832426013
1543,5.005516313414538,0.0015023769720676143
1544,5.008958026537436,0.0015446387667765308
1545,5.012399739660334,0.0015869005614854474
1546,5.015457541162019,0.0015527197767490621
1547,5.018471098585418,0.001509729330407233
1548,5.023233022039605,0.0015187424480690359
1549,5.0292601368864025,0.0015653875377571909
1550,5.034601216698906,0.0016033120161037672
1551,5.0380264622949005,0.00161688315276676
1552,5.041451707890896,0.0016304542894297527
1553,5.044892551088832,0.001598561177065988
1554,5.04833426421173,0.0015641323874108792
1555,5.052056390778182,0.001543949446248273
1556,5.0559427271274835,0.001532108857213447
1557,5.059684198077899,0.0015344045488063075
1558,5.063109443673892,0.0015675581981038197
1559,5.066534689269887,0.001600711847401332
1560,5.070419957290313,0.0016158731531389782
1561,5.074306293639615,0.0016309926745219094
1562,5.078181412535463,0.0016003241392236534
1563,5.08205128135786,0.0015482255474704198
1564,5.087482589177274,0.0015302594556502915
1565,5.095634014994665,0.0015717541737378415
1566,5.103579894331434,0.0016109813888450762
1567,5.1074662306807355,0.0016054254201441195
1568,5.111352567030036,0.0015998694514431627
1569,5.115226854155527,0.0015857164148685616
1570,5.1190967229779245,0.0015684109385868932
1571,5.122966591800322,0.001548458275649625
1572,5.1268364606227195,0.0015247770975799736
1573,5.130706329445117,0.001507514756262988
1574,5.134576198267514,0.001548865736430764
1575,5.138446067089912,0.0015902167165985403
1576,5.142637960766522,0.0016148964985615258
1577,5.146919517761515,0.0016349344184666155
1578,5.150817620990515,0.0016234137540907985
1579,5.154275801640316,0.0015756870721350391
1580,5.157731525133647,0.0015398928203881872
1581,5.161173238256545,0.001572135655144559
1582,5.164614951379443,0.0016043784899009309
1583,5.167700132624653,0.0016414754005958767
1584,5.170713690048053,0.0016795474484155473
1585,5.175503924218123,0.0016962369806899867
1586,5.181959194764421,0.0016928876025297146
1587,5.187727079603405,0.0016868782218000004
1588,5.1907406370268045,0.0016702103156971304
1589,5.193754194450204,0.0016535424095942602
1590,5.196767751873603,0.0017088731297069065
1591,5.199781309297001,0.0017737230805627401
1592,5.202785534104365,0.0018181321498187207
1593,5.205782624000859,0.0018469138893187583
1594,5.208783834594541,0.0018513543534653303
1595,5.2117973920179415,0.001782861144444935
1596,5.214810949441339,0.0017143679354245398
1597,5.218224290801041,0.0017145067552906984
1598,5.221666003923939,0.0017195162352669708
1599,5.225107717046838,0.001741560030034456
1600,5.228549430169737,0.0017741671461339174
1601,5.231991143292635,0.0017922017494244231
1602,5.2354328564155335,0.0017763535764085791
1603,5.238874569538432,0.0017605054033927355
1604,5.2469680003586525,0.0017410209905956815
1605,5.2551358937029455,0.0017214783705707028
1606,5.260433790135017,0.0017360287946870676
1607,5.264303658957415,0.0017675429333371608
1608,5.268179312017715,0.0017936823532737403
1609,5.2720656483670165,0.0018098948521060403
1610,5.275936532101844,0.0018224543868368681
1611,5.279378245224742,0.0017335589320949271
1612,5.28281995834764,0.0016446634773529861
1613,5.28965628655105,0.0016760180058410777
1614,5.297824179895345,0.0017545415599957816
1615,5.304430695289999,0.0018045363408642262
1616,5.308712252284992,0.001812050560828635
1617,5.3129966174588095,0.001816904932210038
1618,5.317311109507611,0.0017932237541403865
1619,5.321625601556412,0.0017695425760707352
1620,5.325914774210276,0.0017425004505621415
1621,5.330196331205269,0.0017144474071683821
1622,5.3342991415134025,0.0017201729655141143
1623,5.338185477862704,0.0017668066255471387
1624,5.3420114459981995,0.0018079681237618845
1625,5.345453159121098,0.0018142982848228107
1626,5.348894872243996,0.0018206284458837368
1627,5.352336585366896,0.001779089303722319
1628,5.355778298489793,0.0017269907564424517
1629,5.359004743339286,0.0016996323767077205
1630,5.362018300762684,0.0016967405405395996
1631,5.365031858186082,0.0017087075295219626
1632,5.3680454156094815,0.0017855802323208498
1633,5.371058973032881,0.001862452935119737
1634,5.374072530456279,0.0018944863358266127
1635,5.377086087879678,0.001919806980070317
1636,5.380336539605792,0.001897454460093645
1637,5.383778252728689,0.0018366120487454632
1638,5.387118581438938,0.0017882572086456278
1639,5.390132138862336,0.0017801509592294776
1640,5.393145696285735,0.0017720447098133279
1641,5.396144098700593,0.0018401326128553621
1642,5.399141188597088,0.0019148194052288786
1643,5.402406741915296,0.0019591489768578945
1644,5.405848455038195,0.001983558806560458
1645,5.409290168161094,0.0019866155643099024
1646,5.412731881283992,0.0019367029274554059
1647,5.4161735944068905,0.0018867902906009096
1648,5.419615307529789,0.0018883174138399617
1649,5.423057020652687,0.0018913914129163106
1650,5.426778880136914,0.001905982235581582
1651,5.430648748959312,0.0019266577256654704
1652,5.434668817194176,0.0019647174070071692
1653,5.4389833092429765,0.002036853918665492
1654,5.44329709924707,0.0021061480811750775
1655,5.4475786562420625,0.0020449413440104397
1656,5.4518602132370555,0.0019837346068458015
1657,5.4555614387115945,0.0019310017370152382
1658,5.4590196193613965,0.001881817751793654
1659,5.46263766780021,0.0018745106387380714
1660,5.466507536622608,0.0019331670951875158
1661,5.470686114342803,0.0019844752556546002
1662,5.478854007687099,0.0019408244687704446
1663,5.487021901031393,0.001897173681886289
1664,5.491943371775479,0.0018732158829422696
1665,5.495813240597877,0.0018556371622982589
1666,5.499683109420274,0.0018534466913147042
1667,5.503552978242673,0.0018709343305046008
1668,5.507422847065069,0.0018919875680482267
1669,5.511292715887466,0.0019386212725546173
1670,5.515162584709865,0.001985254977061008
1671,5.518687429083011,0.0019766941644985456
1672,5.522129142205909,0.001954834615511175
1673,5.525570855328807,0.0019039154399516389
1674,5.529012568451705,0.0018226707828819112
1675,5.532454281574603,0.0017658592534671076
1676,5.535895994697501,0.001825973013182377
1677,5.539337707820399,0.0018860867728976462
1678,5.542412770464738,0.001938088796361604
1679,5.545426327888137,0.0019887300848490125
1680,5.548671025900032,0.0020015101043733842
1681,5.55211273902293,0.0019820186731929787
1682,5.555458821447397,0.0019627917074396513
1683,5.558472378870795,0.0019444843351627287
1684,5.5614859362941935,0.0019261769628858055
1685,5.564499493717594,0.0019515639134181026
1686,5.567513051140992,0.0019814386303675094
1687,5.570516886771399,0.002019056368284332
1688,5.573513976667893,0.002062046814626161
1689,5.576515576438532,0.002088349728876123
1690,5.579529133861932,0.0020704066824156564
1691,5.58254269128533,0.0020524636359551896
1692,5.585966151245904,0.002010889805888893
1693,5.589407864368802,0.0019682636853635203
1694,5.5928495774917,0.0019718677759748863
1695,5.596291290614598,0.0020013781671078365
1696,5.599871886494544,0.0020328975838277454
1697,5.603741755316942,0.002068601513840451
1698,5.607615126731974,0.0021038735033486393
1699,5.611929618780774,0.0020847463979846896
1700,5.616244110829577,0.00206561929262074
1701,5.6202511988682495,0.0020269708739293494
1702,5.6241210676906475,0.001979608517790046
1703,5.62814527188454,0.00195727444202806
1704,5.632426828879533,0.0019766747917543516
1705,5.636685309970257,0.0019980693948223917
1706,5.640571646319559,0.00205162528984145
1707,5.644457982668861,0.0021051811848605082
1708,5.648332101914095,0.002079542135378499
1709,5.652201970736493,0.0020263505661758966
1710,5.656246969189334,0.001989432104226952
1711,5.660528526184327,0.0019744947457522484
1712,5.66476704478646,0.0019634851167144073
1713,5.668653381135761,0.0019846160140688657
1714,5.672539717485062,0.002005746911423324
1715,5.6767392268205485,0.002029764727898216
1716,5.6810207838155415,0.0020545388834172363
1717,5.6851142538767165,0.0020759320514644173
1718,5.689000590226018,0.0020936018535625423
1719,5.692747799628782,0.002104012151437387
1720,5.695761357052181,0.0020761412264784897
1721,5.698774914475578,0.002048270301519592
1722,5.702149368663319,0.002064160258894417
1723,5.705591081786217,0.002088205762780524
1724,5.709032794909116,0.002126059856649571
1725,5.712474508032014,0.002176336819320524
1726,5.715826344170698,0.002205888235087313
1727,5.718839901594098,0.0021574329014986413
1728,5.721853459017496,0.0021089775679099696
1729,5.725249539234544,0.0020874570208890483
1730,5.728691252357442,0.0020691496486121255
1731,5.731885952576755,0.0020937731694233336
1732,5.7348995100001545,0.0021498793451575847
1733,5.737913067423554,0.002192613366392104
1734,5.740926624846953,0.002197372372369563
1735,5.743940182270352,0.0022021313783470216
1736,5.7473578885167065,0.0022095340995018763
1737,5.7507996016396055,0.002217093860193342
1738,5.753962343562961,0.002198422921812829
1739,5.756959433459457,0.002164176295065948
1740,5.76009477274658,0.002142702217314047
1741,5.763536485869479,0.0021495333263726007
1742,5.766978198992378,0.002156364435431154
1743,5.770419912115276,0.002223790204157098
1744,5.773861625238174,0.002291554806017947
1745,5.777593603323272,0.002269908315029615
1746,5.78146347214567,0.0022057869713333275
1747,5.785178585895931,0.002162257717838933
1748,5.788620299018829,0.0021551078236909807
1749,5.792081257323799,0.002151079621878368
1750,5.795951126146197,0.002213379336492374
1751,5.799820994968595,0.0022756790511063805
1752,5.8040147505898645,0.002294935181492068
1753,5.808329242638666,0.0022981458027495883
1754,5.8126301669104325,0.0022878768225151054
1755,5.816911723905425,0.002258366431382155
1756,5.821196424839755,0.002229082097834269
1757,5.825510916888556,0.002201939824508284
1758,5.8298254089373565,0.002174797551182299
1759,5.833793556387618,0.0021827750288143347
1760,5.837663425210017,0.0022007180752748015
1761,5.841533294032413,0.002234119898323442
1762,5.8454031628548115,0.0022854898384437627
1763,5.849400429898609,0.002323139315581341
1764,5.85414307764691,0.0022805131950559684
1765,5.858885725395209,0.0022378870745305957
1766,5.862535625296978,0.0021958653499380386
1767,5.865960870892973,0.002153967881045578
1768,5.8693945639182,0.002152625548072754
1769,5.872836277041099,0.002189786781351284
1770,5.876277990163996,0.0022222057012898197
1771,5.879719703286895,0.002235230349228128
1772,5.883161416409792,0.0022482549971664365
1773,5.886226360453261,0.00221647579992913
1774,5.88923991787666,0.0021785859150176877
1775,5.892253475300058,0.002149164326193178
1776,5.895267032723457,0.002126302881210553
1777,5.898386339446159,0.002121955662173712
1778,5.901828052569058,0.002174054253926946
1779,5.905269765691955,0.0022261528456801794
1780,5.9083130837061155,0.0022796074452916086
1781,5.911326641129515,0.002333163340310667
1782,5.9146030837715875,0.0023420363537520117
1783,5.918044796894485,0.0023228181669339484
1784,5.921359134688773,0.0023001587218761214
1785,5.924372692112172,0.002269373190385574
1786,5.927386249535572,0.0022385876588950273
1787,5.929963631161769,0.00227034782103787
1788,5.932532565358765,0.002303319307427154
1789,5.935396953544049,0.0023430694825021803
1790,5.938410510967448,0.0023862420917522375
1791,5.941722071106682,0.002416062330762586
1792,5.945591939929081,0.0024208668774671014
1793,5.949448317283624,0.002423889848977983
1794,5.952890030406522,0.0023721555830412055
1795,5.956331743529421,0.0023204213171044282
1796,5.960373956696232,0.0023512649246365683
1797,5.964655513691225,0.0024150219425163994
1798,5.968786131074442,0.0024669459685149673
1799,5.9726889349506465,0.0025010104323536196
1800,5.976589037480917,0.002529322583221232
1801,5.980458906303315,0.002493254327392071
1802,5.984328775125712,0.002457186071562909
1803,5.988513800973683,0.0024134480651113754
1804,5.992795357968676,0.002367360849329669
1805,5.998444871965923,0.002364691994960216
1806,6.005772921438123,0.002415299127902332
1807,6.013269019046403,0.0024495854656060904
1808,6.021865068090197,0.0023770447799951362
1809,6.0304611171339895,0.002304504094384182
1810,6.035536396715977,0.0023150918412476063
1811,6.039817953710972,0.0023444200694723288
1812,6.043902083525189,0.002384030963362459
1813,6.04778841987449,0.002433943600216955
1814,6.051593372454331,0.0024674514457839773
1815,6.055035085577229,0.0024277399317902543
1816,6.058476798700127,0.002388028417796531
1817,6.0615474964578135,0.002388253462430544
1818,6.064561053881212,0.0023946291642185273
1819,6.067810116779759,0.002387428031475126
1820,6.071251829902657,0.002369120659198203
1821,6.074693543025556,0.0023657249838971166
1822,6.078135256148454,0.0024112657109541394
1823,6.081576969271352,0.0024568064380111614
1824,6.08462604099973,0.002465136107108161
1825,6.08763959842313,0.002470100046357376
1826,6.090653155846528,0.0024480150728782616
1827,6.093666713269927,0.0024079392330680818
1828,6.096680270693326,0.00238685383423892
1829,6.099693828116725,0.0024136317817484492
1830,6.102707385540124,0.0024404097292579784
1831,6.10613521038735,0.002487104379836122
1832,6.109576923510248,0.002534466735975425
1833,6.112729157655777,0.0025468420803464466
1834,6.1157262475522725,0.0025404663785584636
1835,6.118872094617224,0.002531165265394727
1836,6.122313807740122,0.002516045744011796
1837,6.12575552086302,0.002500977250190705
1838,6.129197233985918,0.002488681253885309
1839,6.132638947108817,0.002476385257579913
1840,6.1363810437947865,0.0024886270608446373
1841,6.140250912617184,0.002511306342919034
1842,6.144127122734696,0.0025324073159215038
1843,6.148013459083998,0.0025509879325607693
1844,6.151898666057033,0.0025652209502959353
1845,6.155768534879431,0.0025204088748718256
1846,6.159638403701827,0.002475596799447716
1847,6.163817897132281,0.0024890105905828537
1848,6.168099454127274,0.0025216177511556814
1849,6.172208857550899,0.0025490672872175977
1850,6.176095193900201,0.0025698338587555997
1851,6.179928579290627,0.0025873734329432403
1852,6.1833702924135245,0.0025810432718823143
1853,6.1868120055364235,0.0025747131108213883
1854,6.190597354281008,0.0025437842885331456
1855,6.1944672231034055,0.0025068052181628437
1856,6.1983370919258025,0.0024764673279625824
1857,6.2022069607482,0.002453150475709387
1858,6.206146652495173,0.0024408013837323964
1859,6.210428209490166,0.0024821523639001726
1860,6.21470976648516,0.002523503344067949
1861,6.22232082391421,0.0025118129835044528
1862,6.230505184785407,0.0024909894860576294
1863,6.236383191441119,0.002490479674714542
1864,6.24026952779042,0.0025075119066338683
1865,6.2440543728941735,0.0025293356223723205
1866,6.247479618490168,0.002568136321824903
1867,6.250904864086163,0.002606937021277486
1868,6.2539581022972515,0.0025947101590837966
1869,6.256971659720651,0.0025770403569856724
1870,6.25998521714405,0.0025584079952755087
1871,6.262998774567448,0.0025390987270033313
1872,6.266012331990847,0.0025264692155697803
1873,6.269025889414246,0.0025318430213625088
1874,6.2720394468376455,0.0025372168271552372
1875,6.275053004261045,0.002596557407468711
1876,6.278066561684443,0.0026584927962662605
1877,6.281080119107841,0.002673851205980447
1878,6.284093676531241,0.002662739268578534
1879,6.287244727884121,0.0026515249595051634
1880,6.2906864410070185,0.0026400942370138508
1881,6.294124109741874,0.00262879963022881
1882,6.296693043938871,0.0026467426766892768
1883,6.299261978135867,0.0026646857231497436
1884,6.302431503947831,0.002677395279059838
1885,6.3058732170707295,0.002687733024101782
1886,6.3093149301936275,0.0026957520750539913
1887,6.312756643316526,0.0026998507404891233
1888,6.316174746370699,0.002703491096961709
1889,6.319188303794098,0.0026992785797089343
1890,6.322201861217496,0.0026950660624561603
1891,6.325847930397217,0.002686631911363496
1892,6.329717799219614,0.0026767040328650655
1893,6.333761462261334,0.0026995740457566387
1894,6.338043019256327,0.0027673386476174877
1895,6.342282819853137,0.0028249797864230972
1896,6.346169156202438,0.0027969266985559717
1897,6.350055492551739,0.0027688736106888457
1898,6.353928833443061,0.0027476488884636196
1899,6.357798702265459,0.002728248538737328
1900,6.361878726644392,0.0027325690411190906
1901,6.3661932186931915,0.0027633545726096376
1902,6.37043827699437,0.0027882799959347503
1903,6.374308145816768,0.0027815399683303113
1904,6.378178014639165,0.0027747999407258714
1905,6.382047883461563,0.002792456405597468
1906,6.38591775228396,0.0028147713618554087
1907,6.389787621106358,0.0028006332663489085
1908,6.3936574899287555,0.0027532709102096055
1909,6.39761244351716,0.002712271087457573
1910,6.4018940005121525,0.002695694262808817
1911,6.406175557507146,0.002679117438160061
1912,6.410486432499529,0.002721727942315036
1913,6.414800924548331,0.0027716405791695323
1914,6.4186147213652465,0.002794571823015529
1915,6.422056434488145,0.0027974522740018856
1916,6.425608261796997,0.002787692245155859
1917,6.429478130619396,0.0027414228664659245
1918,6.433347999441792,0.0026951534877759902
1919,6.4368151082688,0.0027097162220726355
1920,6.440256821391698,0.002728114675803673
1921,6.443431284409269,0.002743386266917077
1922,6.446444841832669,0.0027567752406718413
1923,6.449326659040804,0.0027767501041872328
1924,6.4519120607647045,0.0028115432196587973
1925,6.454497462488604,0.002846336335130363
1926,6.457507250237201,0.0028235311090946433
1927,6.4605208076606,0.002800214256841448
1928,6.463823241218634,0.002788358304671067
1929,6.467264954341532,0.002782028143610141
1930,6.470547402518147,0.0028024998822076923
1931,6.473544492414641,0.0028709931357014536
1932,6.476667950358413,0.002934618036926586
1933,6.48269506520521,0.0028863790217914347
1934,6.488722180052008,0.002838140006656284
1935,6.495991303554573,0.0028370793804327
1936,6.503731041199368,0.0028538952938985053
1937,6.510057379708996,0.0028786543184174747
1938,6.514338936703988,0.0029149047371548648
1939,6.5185855669748385,0.002944234315979302
1940,6.522488370851043,0.0029054336165267192
1941,6.526391174727248,0.0028666329170741363
1942,6.529936302087646,0.002835886721967716
1943,6.533378015210544,0.0028074693082841343
1944,6.537016346636628,0.002814353513024785
1945,6.540886215459025,0.002862808846613457
1946,6.545367168412641,0.0029009746085071567
1947,6.553518594230031,0.002877336124869121
1948,6.561670020047422,0.0028536976412310852
1949,6.566651263793434,0.0028554973770543645
1950,6.570965755842235,0.0028626472712023174
1951,6.575053609545755,0.0028813807172897374
1952,6.578923478368153,0.002911255434239144
1953,6.582872899539038,0.002944051763987066
1954,6.587154456534034,0.002989046002319404
1955,6.591436013529026,0.003034040240651742
1956,6.594995685424279,0.00299582604160257
1957,6.59845386607408,0.0029459134047480737
1958,6.601902820940737,0.0029214380073757274
1959,6.605344534063635,0.0029169294753970823
1960,6.608786247186533,0.002922355701566466
1961,6.61222796030943,0.0029586061203038558
1962,6.615669673432329,0.002994856539041246
1963,6.618714380274056,0.0030028145173019685
1964,6.621727937697454,0.003008552648911153
1965,6.624741495120853,0.003008505462132984
1966,6.627755052544252,0.0030047711225143084
1967,6.630768609967652,0.002998437078462065
1968,6.63378216739105,0.0029858678377943267
1969,6.636795724814448,0.0029732985971265887
1970,6.639809282237848,0.002998310796856764
1971,6.642822839661247,0.0030241779298251525
1972,6.6461086301812,0.003063415803376495
1973,6.649533875777194,0.0031095030191582015
1974,6.652817186247849,0.0031214881229669747
1975,6.655830743671249,0.0030686608795808287
1976,6.658844301094648,0.003016907240900302
1977,6.661857858518046,0.003002060963879713
1978,6.6648714159414455,0.0029872146868591236
1979,6.667884973364844,0.0030171652909564287
1980,6.670898530788243,0.003065256298728644
1981,6.674081326771303,0.0030862377431448893
1982,6.677523039894201,0.00306574441596923
1983,6.680998481686695,0.003048121125348691
1984,6.684868350509092,0.0030640603798186487
1985,6.688738219331488,0.0030799996342886064
1986,6.692281713674856,0.0030750405909819333
1987,6.695723426797753,0.0030635643277635636
1988,6.699356004509619,0.0030593254737060643
1989,6.703225873332016,0.003064084479683523
1990,6.707040387455511,0.0030720435025574666
1991,6.710482100578409,0.003101553893690417
1992,6.713923813701307,0.0031310642848233674
1993,6.717713527332544,0.0030988336055098945
1994,6.721583396154941,0.0030523820639117316
1995,6.7254532649773395,0.0030154231682116557
1996,6.729323133799736,0.0029880987319774424
1997,6.733267022553107,0.0029749887426644204
1998,6.7375485795481005,0.0030267230086011973
1999,6.741830136543093,0.0030784572745379745
2000,6.746140126348674,0.003079081676309046
2001,6.750454618397474,0.0030716129970716943
2002,6.754534993798693,0.0030701331977849456
2003,6.758421330147994,0.0030736170634048077
2004,6.762398688119621,0.00307101247357671
2005,6.766680245114613,0.0030480599471399707
2006,6.770961802109605,0.0030251074207032318
2007,6.77488220288895,0.003037528094776075
2008,6.77876853923825,0.0030532851863378043
2009,6.782645039330749,0.0030817184274305478
2010,6.786514908153146,0.00311869749780085
2011,6.790264544188716,0.0031360845168801254
2012,6.793706257311616,0.0031032951933990696
2013,6.797147970434513,0.0030705058699180133
2014,6.801002562153673,0.003071718339020723
2015,6.80487243097607,0.0030741889234635667
2016,6.808464931092272,0.003096772692412268
2017,6.81190664421517,0.003130290667526236
2018,6.815206498521933,0.0031602175094033254
2019,6.818220055945332,0.003182896791477723
2020,6.821239962294801,0.0032051827097166335
2021,6.8246816754176995,0.003201334518280315
2022,6.828123388540597,0.0031974863268439966
2023,6.83126610692799,0.0031927158618234317
2024,6.8342796643513894,0.0031875469893024597
2025,6.837286933896117,0.003194576531846703
2026,6.840284023792613,0.0032213544793562323
2027,6.843282189648929,0.0032486918307556276
2028,6.846295747072329,0.003284031434951877
2029,6.849309304495728,0.003319371039148126
2030,6.852322861919127,0.0033178796330910233
2031,6.8553364193425255,0.0033040352520656885
2032,6.858720198515423,0.0032986671124864307
2033,6.86259006733782,0.0033044280144591443
2034,6.866410335175534,0.00330909946321778
2035,6.869852048298431,0.0033054562050532183
2036,6.873293761421329,0.0033018129468886568
2037,6.876735474544226,0.00331724488019354
2038,6.880177187667126,0.0033374649630068575
2039,6.8838256376940805,0.0033441614757900953
2040,6.887695506516477,0.0033363740114633446
2041,6.8915653753388755,0.0033251242912020022
2042,6.895435244161273,0.003296524714610192
2043,6.89930511298367,0.0032679251380183824
2044,6.903916722561518,0.0033048115230969602
2045,6.908659370309817,0.003353266856685632
2046,6.9131560887452626,0.0033723801183393205
2047,6.917437645740256,0.0033658222536431096
2048,6.921633492233742,0.003352232461739848
2049,6.925519828583042,0.003313249599379037
2050,6.929406164932344,0.003274266737018226
2051,6.933277674402693,0.0032852261826296822
2052,6.937147543225091,0.003301711925824324
2053,6.940767423084818,0.0033018447916318035
2054,6.944209136207715,0.0032903229876863767
2055,6.9477653284032215,0.0032830142707817016
2056,6.951635197225619,0.003287249558398005
2057,6.955505066048016,0.0032914848460143076
2058,6.95896780998837,0.003318541229277821
2059,6.962409523111268,0.003346776480053175
2060,6.966122851226146,0.003326360475032357
2061,6.969992720048544,0.0032779051414436856
2062,6.973726483769027,0.0032597931848988
2063,6.977168196891924,0.003306791215221647
2064,6.980609910014822,0.0033537385345279516
2065,6.984051623137721,0.0033642584424781238
2066,6.987493336260619,0.003374778350428296
2067,6.990935049383516,0.0033535150937371904
2068,6.994376762506416,0.0033176290008162567
2069,6.997818475629313,0.003314021955767304
2070,7.001260188752212,0.0033657562217040814
2071,7.00467968063395,0.003415561823074626
2072,7.00769323805735,0.003430134855732873
2073,7.01070679548075,0.00344470788839112
2074,7.0133933755823765,0.0034433058122238886
2075,7.015962309779373,0.0034361559180759367
2076,7.018538142328698,0.0034354159973302035
2077,7.021123544052596,0.0034435677874734105
2078,7.023752793046963,0.0034474335367768692
2079,7.026766350470361,0.0034137333987546733
2080,7.029779907893761,0.0033800332607324766
2081,7.033129958397061,0.0034008786738686926
2082,7.036571671519958,0.003436582603881398
2083,7.040013384642858,0.0034711749012069446
2084,7.043455097765755,0.003504510713412685
2085,7.046896810888653,0.0035265368933394938
2086,7.050338524011552,0.0034859145648046303
2087,7.0537802371344505,0.0034452922362697663
2088,7.0575800693665585,0.003454264772459113
2089,7.061449938188956,0.003472936470552492
2090,7.065319807011353,0.003473328905841602
2091,7.069189675833751,0.0034568431626469595
2092,7.073059544656148,0.003444345704549513
2093,7.076929413478545,0.0034474652443529192
2094,7.080799282300944,0.0034505847841563254
2095,7.088466602508515,0.0034294214327005392
2096,7.0966180283259055,0.0034051624566563514
2097,7.102580730570617,0.003409808933727973
2098,7.106895222619418,0.0034362225554210456
2099,7.111209714668218,0.003461294688264009
2100,7.115524206717018,0.003482425585618467
2101,7.11983869876582,0.0035035564829729252
2102,7.123736382294187,0.0034611619912740758
2103,7.127606251116584,0.003414528286767685
2104,7.131997617060744,0.003400980194814527
2105,7.136707329755236,0.003407629140964852
2106,7.141036015316459,0.0034179106670565343
2107,7.144494195966262,0.0034364912836957998
2108,7.147952376616065,0.003455071900335065
2109,7.1513942881429,0.0034725727079278714
2110,7.154836001265797,0.003490060347117768
2111,7.158277714388695,0.0034997198771975573
2112,7.161719427511594,0.0035055490902608562
2113,7.165009163217487,0.003496829750385899
2114,7.168022720640886,0.0034616723090978778
2115,7.171052745591226,0.0034288199292307007
2116,7.174494458714124,0.0034535940847497206
2117,7.177936171837022,0.003478368240268741
2118,7.1810687716235435,0.0035132690665250713
2119,7.1840823290469435,0.0035520697659776543
2120,7.18848471404084,0.0035718327321563187
2121,7.194923517060236,0.003563680942013112
2122,7.201057571629639,0.0035594796727750986
2123,7.204071129053038,0.0035957300915124887
2124,7.207084686476438,0.0036319805102498787
2125,7.21042898326552,0.003651344984517362
2126,7.213870696388418,0.003665735854267382
2127,7.217312409511317,0.003667958106684892
2128,7.220754122634215,0.003655662110379496
2129,7.224255555342669,0.0036433661140741
2130,7.228125424165066,0.0036310701177687038
2131,7.231995292987465,0.0036187741214633077
2132,7.235512796414871,0.0036527275824225786
2133,7.238954509537769,0.003696628843305548
2134,7.242613078165594,0.003721062561838398
2135,7.246482946987992,0.0037265274490852407
2136,7.250352815810389,0.0037327537401471793
2137,7.254222684632786,0.0037422262113750403
2138,7.258092553455184,0.0037516986826029008
2139,7.261962422277581,0.0037353940049469746
2140,7.26583229109998,0.0037153560850418854
2141,7.269702159922376,0.0037014313852004733
2142,7.273572028744773,0.0036923687805161262
2143,7.277441897567172,0.0036952116150351265
2144,7.281311766389568,0.003735651780661762
2145,7.285181635211967,0.003776091946288397
2146,7.28946233754388,0.003751224261336666
2147,7.29377682959268,0.0037209852185708034
2148,7.2980713133673625,0.003702393691573694
2149,7.302352870362355,0.003691327294898838
2150,7.306519414120292,0.0036905848417697665
2151,7.310405750469592,0.0037149946714723297
2152,7.314292086818894,0.0037394045011748937
2153,7.318563570998577,0.0037339465568814022
2154,7.3228451279935705,0.0037277074772745903
2155,7.326866623210546,0.0037098713396741287
2156,7.330752959559849,0.0036860079986962492
2157,7.334487448217795,0.0036714920502233343
2158,7.337929161340694,0.0036749986862067243
2159,7.341370874463592,0.0036786318148309648
2160,7.344812587586489,0.0036871934715176848
2161,7.348254300709387,0.0036957551282044048
2162,7.3513926542101276,0.0037249675420155622
2163,7.354406211633528,0.0037626752640187774
2164,7.357419769056925,0.0037807800454757747
2165,7.360433326480325,0.0037684840491703795
2166,7.363446883903723,0.0037558165519567055
2167,7.366460441327122,0.003738602157129152
2168,7.369473998750522,0.0037213877623015973
2169,7.372475056725787,0.0037534659920262386
2170,7.375472146622283,0.003801192673981998
2171,7.378476524048061,0.00383110360403605
2172,7.381490081471461,0.0038385722832734014
2173,7.384503638894859,0.003848038507952545
2174,7.387517196318258,0.0038713553602057406
2175,7.390530753741657,0.003894672212458936
2176,7.393890922845831,0.0038961451848557116
2177,7.397332635968728,0.0038924791563276218
2178,7.400774349091626,0.0038959422141837848
2179,7.404216062214523,0.003906735366496299
2180,7.407657775337423,0.003920447156055056
2181,7.41109948846032,0.00394777159228927
2182,7.414541201583218,0.003975096028523483
2183,7.418351152416197,0.003950719288648668
2184,7.422221021238596,0.003917929965167612
2185,7.426090890060992,0.0039014288166324277
2186,7.429960758883391,0.003898605291554893
2187,7.4339241064845885,0.003903413109260001
2188,7.438205663479582,0.003934198640750548
2189,7.4424872204745744,0.003964984172241095
2190,7.446408903248593,0.003978602031409187
2191,7.450295239597896,0.003990533701898127
2192,7.454171793106838,0.003977737728338971
2193,7.458041661929236,0.003948045174297792
2194,7.461792686792373,0.003924306447776583
2195,7.465234399915271,0.003916063576179261
2196,7.4686761130381685,0.00390782070458194
2197,7.472956632228024,0.0038983523273766916
2198,7.477271124276824,0.0038888343154217745
2199,7.481564387104192,0.003911400843049999
2200,7.485845944099186,0.003951658845768406
2201,7.490138306477914,0.003969445475230501
2202,7.494452798526716,0.003941210224455148
2203,7.498762139703992,0.0039133711864496115
2204,7.50263200852639,0.003919337021694082
2205,7.506501877348787,0.003925302856938552
2206,7.510074140263244,0.003941113339622738
2207,7.513515853386143,0.003961242340981943
2208,7.516957566509041,0.003975767912519666
2209,7.520399279631938,0.003981096177585337
2210,7.523840992754838,0.003985892810585335
2211,7.527282705877735,0.003982659418964287
2212,7.530724419000634,0.003979426027343237
2213,7.533846900186285,0.00395320505685089
2214,7.536860457609683,0.003919140593012237
2215,7.540057737080265,0.00391868763372126
2216,7.543499450203164,0.003962953220420686
2217,7.546941163326062,0.004006603437517667
2218,7.550382876448961,0.00404540413697025
2219,7.553824589571859,0.004084204836422833
2220,7.556925444728202,0.0040560057143351
2221,7.5599390021516015,0.004010647150186306
2222,7.562944661572058,0.003993246118575427
2223,7.565941751468554,0.004006179685059621
2224,7.568941527449141,0.004020093791091166
2225,7.571955084872541,0.004039038733546888
2226,7.57496864229594,0.004057983676002609
2227,7.578344683715201,0.004074923729100685
2228,7.581786396838099,0.00409150055374944
2229,7.5852281099609975,0.004116961660960088
2230,7.5886698230838965,0.004150297473165828
2231,7.592111536206794,0.00416791190043419
2232,7.595553249329692,0.004127653897715783
2233,7.598994962452591,0.004087395894997375
2234,7.602436675575489,0.004097063697541673
2235,7.605878388698386,0.004112456463286946
2236,7.609568701956391,0.004148950202038382
2237,7.613438570778789,0.004200684467975159
2238,7.617195349356145,0.004228216728612297
2239,7.620637062479043,0.004188323051710346
2240,7.624078775601941,0.004148429374808395
2241,7.628722091655407,0.004138399694428159
2242,7.6334318043499,0.004130020200649666
2243,7.63789207750801,0.004147968902774322
2244,7.6422065695568095,0.0041813047149800615
2245,7.646521061605611,0.004201013572528431
2246,7.650835553654412,0.004191040153302942
2247,7.655150045703213,0.004181066734077455
2248,7.659431663745568,0.004213958619162885
2249,7.663713220740561,0.004246930105552169
2250,7.667725375710581,0.004222161943336771
2251,7.671611712059882,0.004170427677399994
2252,7.67564236438179,0.004138473998831386
2253,7.6799239213767825,0.004140910427728937
2254,7.684207080865129,0.004145408692999959
2255,7.688521572913931,0.00419022076842407
2256,7.692836064962731,0.0042350328438481785
2257,7.696198065487713,0.004238432824203151
2258,7.699211622911111,0.004226683316622439
2259,7.70222518033451,0.004212207949619186
2260,7.7052387377579095,0.004193900577342263
2261,7.708252295181308,0.004180371225039541
2262,7.711265852604706,0.004210245941988948
2263,7.714279410028105,0.004240120658938354
2264,7.7176280717038415,0.004254134097776612
2265,7.7210697848267404,0.004263743191185644
2266,7.724311903587365,0.0042868756857995455
2267,7.727325461010763,0.004325494222343899
2268,7.7303390184341625,0.004353261150677271
2269,7.7333525758575625,0.004319378849746846
2270,7.736366133280962,0.004285496548816422
2271,7.739009240027267,0.004287850358651207
2272,7.741578174224263,0.004297459452060238
2273,7.744598057681019,0.004316598227501054
2274,7.748039770803918,0.004344651315368179
2275,7.7513957734253,0.004365429367048903
2276,7.7544093308486985,0.004357140954724526
2277,7.757422888272096,0.004348852542400148
2278,7.760814802006448,0.004340322667147575
2279,7.764256515129346,0.004331761010460855
2280,7.767698228252245,0.0043248654099929985
2281,7.771139941375143,0.004319241130201456
2282,7.774688991028865,0.004324251633687499
2283,7.7785588598512625,0.004361048541149572
2284,7.7824287286736595,0.004397845448611647
2285,7.786298597496057,0.00440443606548657
2286,7.7901684663184545,0.0044088990567381576
2287,7.7937738626906565,0.004397046312251851
2288,7.797215575813555,0.004375095681810367
2289,7.800786251496584,0.004360336233949398
2290,7.804656120318983,0.004362260329667558
2291,7.80852598914138,0.004364184425385717
2292,7.812395857963778,0.00437457288671779
2293,7.816265726786175,0.004385092794667962
2294,7.820135595608573,0.004372880873547677
2295,7.82400546443097,0.004349381858386254
2296,7.829537599606024,0.004328197348327575
2297,7.838133648649817,0.004311278968225891
2298,7.846593989399231,0.004296239491323467
2299,7.851336637147533,0.004332672072969084
2300,7.856079284895833,0.004369104654614701
2301,7.86049053701926,0.004387927915959503
2302,7.864772094014253,0.004399859586448443
2303,7.868894683668863,0.004390213140352577
2304,7.872781020018166,0.004348497834368345
2305,7.87662923991845,0.004312623052774599
2306,7.880070953041347,0.004339036674467672
2307,7.883512666164247,0.004365450296160745
2308,7.886954379287144,0.004361246536736201
2309,7.890396092410043,0.004347857562981436
2310,7.893837805532941,0.00434333425875775
2311,7.897279518655839,0.004349527797637505
2312,7.9006629010207465,0.0043584512477574545
2313,7.903676458444146,0.0043846827065422995
2314,7.906690015867546,0.0044109141653271445
2315,7.91005454985837,0.00442493819797726
2316,7.913496262981268,0.004436277839014459
2317,7.916722509426804,0.004453369919638309
2318,7.919736066850203,0.00447614028316682
2319,7.922666592225254,0.004496793002886062
2320,7.9252355264222505,0.004508223725377375
2321,7.927804460619246,0.004519654447868687
2322,7.93076032828208,0.004487054209143727
2323,7.933773885705479,0.004447889183874688
2324,7.936787443128878,0.004445341182312703
2325,7.9398010005522766,0.00447230129273046
2326,7.943017723608887,0.004496192827595544
2327,7.946887592431285,0.004510219371529107
2328,7.950757461253682,0.00452424591546267
2329,7.954233101450038,0.004492818086669405
2330,7.957674814572936,0.004457478482473157
2331,7.961375246431811,0.0044535100660549444
2332,7.965245115254209,0.0044700868907037
2333,7.969114984076606,0.004480989209919291
2334,7.972984852899005,0.004477846899752356
2335,7.976854721721402,0.004474704589585422
2336,7.9807245905438,0.004494607322329977
2337,7.984594459366197,0.004515191730959751
2338,7.988464328188595,0.004510072303255765
2339,7.992334197010992,0.004491400605162385
2340,7.9962096364055135,0.004476041055870539
2341,8.000095972754815,0.004467160614094419
2342,8.003990916782723,0.004458739399271976
2343,8.008272473777716,0.004470944314123258
2344,8.012554030772709,0.00448314922897454
2345,8.016858816290362,0.0045053752985136225
2346,8.021173308339163,0.004531788920206696
2347,8.025314937140953,0.004545675834748443
2348,8.029184805963352,0.004539869392048672
2349,8.033334424339563,0.004535360860071828
2350,8.041074161984358,0.004547508849014289
2351,8.048813899629153,0.00455965683795675
2352,8.05330522300326,0.004597868868647239
2353,8.056746936126158,0.00464450257315363
2354,8.060188649249056,0.004654085456367429
2355,8.063630362371955,0.004616377734364214
2356,8.06707207549485,0.004581298417161562
2357,8.07051378861775,0.004564994836875153
2358,8.073955501740647,0.004548691256588743
2359,8.077051992010338,0.004571090119214212
2360,8.080065549433735,0.0046027864652458915
2361,8.084764876445474,0.004635570233307142
2362,8.091220146991772,0.004669486689782851
2363,8.097001881951657,0.004693515690953124
2364,8.099570816148653,0.004670381001608163
2365,8.102139750345648,0.004647246312263202
2366,8.10508964299756,0.004646323664099642
2367,8.10810320042096,0.0046491130336318845
2368,8.111348096836807,0.004675592159692915
2369,8.114789809959705,0.004722225864199294
2370,8.118135693980216,0.00475642429120923
2371,8.121149251403613,0.0047474983087060565
2372,8.124162808827013,0.004738572326202882
2373,8.127953316074052,0.004693449949175905
2374,8.131823184896449,0.00464463028977079
2375,8.135440088697088,0.004649516189358425
2376,8.138881801819984,0.004691595821159103
2377,8.142440970074574,0.004723362398669855
2378,8.146310838896971,0.00472784816028497
2379,8.150180707719368,0.004732333921900086
2380,8.154050576541765,0.00474848812311608
2381,8.15792044536416,0.004765156029218946
2382,8.16179031418656,0.004759393080231537
2383,8.165660183008955,0.004741085707954619
2384,8.16953005183135,0.0047177190099180685
2385,8.173399920653747,0.004683836708987653
2386,8.177273498103654,0.004650598646857663
2387,8.181587990152453,0.004693953419015936
2388,8.185902482201252,0.004737308191174211
2389,8.189909364205052,0.004734032466507691
2390,8.193779233027449,0.004709986962621589
2391,8.19780362799437,0.004678967269911788
2392,8.202085184989363,0.004636341149386426
2393,8.206343482937978,0.004596864155369782
2394,8.210229819287276,0.004607748389136407
2395,8.214116155636578,0.004618632622903032
2396,8.21829588562558,0.004651457821843716
2397,8.222577442620572,0.00469189798747034
2398,8.226690692028228,0.004719964876834089
2399,8.230577028377528,0.004731350058598342
2400,8.23441474049999,0.004740015965139904
2401,8.237856453622888,0.0047265359099310286
2402,8.241298166745784,0.004713055854722153
2403,8.24473987986868,0.004691343268487886
2404,8.24818159299158,0.004667479927510013
2405,8.251623306114476,0.004681711425825779
2406,8.255065019237374,0.004737817601560015
2407,8.25850673236027,0.004785776777575115
2408,8.261948445483169,0.004790922879732557
2409,8.265390158606065,0.004796068981889999
2410,8.268470776560674,0.004778208786629329
2411,8.27148433398407,0.004756075993279622
2412,8.274723476685695,0.0047577455948415
2413,8.278165189808592,0.004780789202732346
2414,8.281516827543326,0.004807684315265095
2415,8.284530384966725,0.00484903529543286
2416,8.287543942390123,0.004890386275600626
2417,8.290542779767462,0.00492603812289062
2418,8.293539869663954,0.004961013401270404
2419,8.29654646768766,0.0049461341188218955
2420,8.29956002511106,0.0048947641787015885
2421,8.302573582534457,0.004858049584314806
2422,8.305587139957856,0.004862854131019321
2423,8.308600697381255,0.004867658677723835
2424,8.312018602031557,0.004892870682644621
2425,8.315460315154453,0.0049192843043376865
2426,8.318902028277352,0.004947527996397262
2427,8.322343741400248,0.004976856224621976
2428,8.325918781969921,0.004990670048195035
2429,8.329788650792318,0.004970176721019381
2430,8.333658519614715,0.004949683393843727
2431,8.337102415180901,0.004936076972614303
2432,8.340544128303797,0.004922505835951314
2433,8.34455559649106,0.004922868389099878
2434,8.348837153486052,0.0049298361203396
2435,8.353130629979203,0.004952214154095648
2436,8.357445122028004,0.0050017624651336745
2437,8.361759614076803,0.005047067005057162
2438,8.366074106125604,0.005003165744174204
2439,8.370388598174403,0.004959264483291246
2440,8.374378997389462,0.004933222320301641
2441,8.378248866211857,0.004913821970575356
2442,8.382118735034254,0.0049222563327052955
2443,8.385988603856651,0.004970347340477499
2444,8.389858472679048,0.005012859946831779
2445,8.393728341501443,0.00500279544615218
2446,8.39759821032384,0.004992730945472581
2447,8.401788959362353,0.004983660321568563
2448,8.406070516357344,0.004974870961246559
2449,8.410367319931929,0.004954212374831751
2450,8.414681811980728,0.004919783585176651
2451,8.418868501369316,0.004894157366457851
2452,8.422310214492212,0.004919842336518005
2453,8.42575192761511,0.004945527306578159
2454,8.429548982192074,0.004971665826826452
2455,8.433418851014471,0.00499789728561129
2456,8.437068888272865,0.0050158046254392295
2457,8.440510601395761,0.005025823585391772
2458,8.44386799284472,0.005026730179287239
2459,8.446881550268117,0.004990479760549858
2460,8.449895107691516,0.004954229341812478
2461,8.45253169763154,0.004988708441526442
2462,8.455117099355439,0.0050327918653176274
2463,8.457702501079337,0.005048444643708638
2464,8.460287902803236,0.005042114482647714
2465,8.462975177318718,0.005045734949348681
2466,8.465972267215212,0.005079617250279097
2467,8.468969357111707,0.005113499551209512
2468,8.47198177752792,0.005095743099327054
2469,8.474995334951318,0.005074156794702031
2470,8.478271975997332,0.005077475232262281
2471,8.48171368912023,0.005096420174717997
2472,8.485027828510574,0.005120684307860479
2473,8.488041385933974,0.005157481215322543
2474,8.491054943357371,0.005194278122784608
2475,8.494488720322757,0.005163314986673919
2476,8.497930433445655,0.005131072151917556
2477,8.501372146568551,0.005122132167437243
2478,8.50481385969145,0.005124932922151249
2479,8.508404772576206,0.005123536163993843
2480,8.512274641398603,0.00511429139640127
2481,8.516144510220998,0.005106012037356221
2482,8.520014379043394,0.005126960771802446
2483,8.523884247865793,0.005147909506248671
2484,8.527754116688188,0.0051453982242630125
2485,8.531623985510585,0.00513355763522819
2486,8.537202112244646,0.005117524350129756
2487,8.545353538062034,0.005095175238326527
2488,8.553153163172288,0.005078275682292972
2489,8.557039499521588,0.0051219947802677015
2490,8.560925835870888,0.005165713878242432
2491,8.565140133930726,0.005159479652369147
2492,8.569454625979526,0.005137984429198238
2493,8.575493782419489,0.005134761341222393
2494,8.583645208236879,0.005153916909540749
2495,8.591229404824421,0.005171109375494203
2496,8.595115741173721,0.0051755040556552044
2497,8.599002077523023,0.005179898735816205
2498,8.60287496819002,0.005194240097436567
2499,8.606744837012418,0.005210816922085319
2500,8.610400627985033,0.005195059830518995
2501,8.613842341107931,0.005146968822746792
2502,8.617205486271112,0.005115658412225009
2503,8.62021904369451,0.0051590131843832834
2504,8.623232601117909,0.005202367956541557
2505,8.626617372310458,0.005241142572426269
2506,8.630059085433356,0.00527921462024593
2507,8.633265094677165,0.0052875027793280165
2508,8.636278652100563,0.005271472443403949
2509,8.63999356744712,0.005262105472400369
2510,8.646004214767013,0.0052745494760686965
2511,8.652014862086906,0.005286993479737025
2512,8.654882791019135,0.005301558039456635
2513,8.657468192743035,0.0053163132350231065
2514,8.660310924375327,0.005330739980229987
2515,8.663324481798725,0.005344948687071775
2516,8.666459859240453,0.005348817411928903
2517,8.669901572363349,0.0053266846185791965
2518,8.673343285486247,0.005304551825229489
2519,8.677199464436908,0.005326415468242643
2520,8.681069333259307,0.0053497323204958315
2521,8.684939202081702,0.005387647360435014
2522,8.6888090709041,0.005433370250400252
2523,8.692678939726495,0.005447784502500682
2524,8.696548808548892,0.005400057820544935
2525,8.700418677371289,0.005353131372313072
2526,8.704288546193686,0.005348577299607371
2527,8.708158415016083,0.00534402322690167
2528,8.712317304960601,0.00535686157570422
2529,8.716598861955593,0.005377081658517532
2530,8.720728044725714,0.005397091046882738
2531,8.724614381075012,0.005416764640971366
2532,8.728499580417127,0.005434818880243506
2533,8.732369449239524,0.005431038999897774
2534,8.73623931806192,0.005427259119552042
2535,8.74012157949956,0.00540534955595557
2536,8.74400791584886,0.00537747863099668
2537,8.747887071501765,0.0053744700729779875
2538,8.751756940324162,0.005403616138294474
2539,8.755626809146559,0.005429579818446667
2540,8.759496677968954,0.005432107328798331
2541,8.763366546791351,0.005434634839149995
2542,8.767567025253767,0.005422039884219766
2543,8.77184858224876,0.005405736303933356
2544,8.7759378400417,0.005404987899697923
2545,8.779824176391,0.005420653909805534
2546,8.78356208370141,0.005435158188205363
2547,8.78657564112481,0.005443993089254422
2548,8.789589198548207,0.005452827990303483
2549,8.792968216026534,0.005467493708260213
2550,8.796409929149432,0.005483159718367824
2551,8.799851642272328,0.005491940626853467
2552,8.803293355395224,0.0054947869222945304
2553,8.806640628243324,0.005485754853951731
2554,8.809654185666721,0.00543474923964788
2555,8.81266774309012,0.005383743625344028
2556,8.8156664125872,0.005428916650077346
2557,8.818663502483695,0.0054842941741786696
2558,8.821670268387656,0.0055154816796097635
2559,8.824683825811055,0.005529690386451551
2560,8.827697383234453,0.005536393103579182
2561,8.83071094065785,0.005522913048370307
2562,8.83372449808125,0.0055094329931614314
2563,8.83714676761819,0.005527253218941937
2564,8.840588480741086,0.005546562487214109
2565,8.843483789417029,0.005560786409469805
2566,8.846069191140929,0.005572126050507
2567,8.848929977531654,0.005575806028255495
2568,8.85237169065455,0.005563327869041875
2569,8.855813403777448,0.005551025204124098
2570,8.859255116900346,0.005572975834565578
2571,8.862696830023243,0.005594926465007056
2572,8.866433371398925,0.005576674383136896
2573,8.87030324022132,0.005540241801491287
2574,8.874173109043717,0.005535125201626053
2575,8.878042977866114,0.0055828518835818
2576,8.881912846688511,0.005629464316051444
2577,8.885782715510906,0.005657153078102107
2578,8.889652584333303,0.005684841840152769
2579,8.893522453155699,0.0056738893586023124
2580,8.897392321978096,0.005649297365991527
2581,8.901436175792826,0.005638543339032036
2582,8.905717732787819,0.00564669512917524
2583,8.909911915740574,0.00565251275657509
2584,8.913370096390375,0.005638668375549759
2585,8.916828277040176,0.005624823994524428
2586,8.920936612134971,0.005642624298874982
2587,8.925218169129966,0.00566885575765982
2588,8.931143663005779,0.005675289125615437
2589,8.938899868177476,0.005659675060399626
2590,8.946117009847814,0.005651043086500772
2591,8.950431501896615,0.005680006988909031
2592,8.954745993945414,0.00570897089131729
2593,8.961218724038439,0.005685777881269987
2594,8.968102150284235,0.005652659810665497
2595,8.973174759044088,0.005638624258301077
2596,8.976600004640082,0.005641948731376238
2597,8.980028661257636,0.005648886095097746
2598,8.983470374380532,0.005669652666635743
2599,8.98691208750343,0.005690419238173739
2600,8.990749799625956,0.005731628235946172
2601,8.994636135975254,0.005775347333920902
2602,8.998257740423075,0.005788814495065854
2603,9.001682986019066,0.005779842971835624
2604,9.004891849227212,0.0057710826495305425
2605,9.007477250951112,0.005762930859387338
2606,9.01006265267501,0.005754779069244133
2607,9.012648054398909,0.005761457053412115
2608,9.01523345612281,0.0057690623548306355
2609,9.018353754865215,0.005791488609418968
2610,9.021795467988113,0.005822820629634191
2611,9.025238846201757,0.005843308542433409
2612,9.028685962731918,0.005839450211069583
2613,9.032133079262083,0.005835591879705757
2614,9.035558507284774,0.005852088575302469
2615,9.038983752880767,0.005868756481405334
2616,9.045032905826773,0.005894571732132714
2617,9.052344487772068,0.00592478800453504
2618,9.058427552529388,0.0059299235972906485
2619,9.06231388887869,0.005890212083296936
2620,9.066199530814202,0.005851253363009139
2621,9.0700693996366,0.005829393814021774
2622,9.073939268458997,0.00580753426503441
2623,9.077809137281392,0.005839344061926143
2624,9.081679006103789,0.0058914426536793634
2625,9.085548874926186,0.005918906919779911
2626,9.089418743748581,0.0059108006703637635
2627,9.093288612570978,0.005904163204360362
2628,9.097158481393375,0.005911905127960054
2629,9.10102835021577,0.005919647051559746
2630,9.105217763843143,0.005899605544107376
2631,9.109499320838136,0.005871552456240258
2632,9.113796017579828,0.005846765132318553
2633,9.118110509628627,0.005825816397872329
2634,9.122486308494473,0.005817205190852422
2635,9.127228956242773,0.005882419511998061
2636,9.131971603991069,0.0059476338331437
2637,9.13599273292385,0.005947867487880797
2638,9.139862601746247,0.005934478514126037
2639,9.143514027832225,0.0059224371491519295
2640,9.146955740955123,0.005911689537566474
2641,9.150311331506808,0.005906905017809495
2642,9.1533084214033,0.005926942937714579
2643,9.156305511299797,0.005946980857619664
2644,9.158941467873417,0.005956791993160201
2645,9.161526869597315,0.005965171486938691
2646,9.164592408852663,0.005960017492179734
2647,9.16803412197556,0.005944260400618009
2648,9.171475835098457,0.0059348758664670475
2649,9.174917548221355,0.005945213611508989
2650,9.178359261344253,0.005955551356550929
2651,9.184199479680991,0.006021398515482948
2652,9.190226594527788,0.006091571083286919
2653,9.194411780624945,0.006107051092336431
2654,9.197425338048344,0.006087741824064258
2655,9.200565080376707,0.006068513085641239
2656,9.204006793499605,0.006049477061731409
2657,9.207448506622503,0.0060304410378215784
2658,9.210874110871769,0.006040896369950494
2659,9.21429935646776,0.006052008307352404
2660,9.217735499018538,0.006075415481344864
2661,9.221177212141434,0.006105108035386034
2662,9.224772421234539,0.006133291287851915
2663,9.22865875758384,0.006158611932095612
2664,9.23255644874318,0.006182600626138811
2665,9.23683800573817,0.006161560810238472
2666,9.241119562733163,0.0061405209943381335
2667,9.245119630324792,0.0061383911528756175
2668,9.24900596667409,0.006143901580849515
2669,9.2528857862171,0.006157179551720693
2670,9.256755655039496,0.006182318033056163
2671,9.260864318263948,0.006200809383114341
2672,9.267747744509743,0.006142061845210798
2673,9.274631170755539,0.0060833143073072546
2674,9.279530038712629,0.006092996460032298
2675,9.283811595707622,0.006123964154431064
2676,9.28810784985591,0.006138125231326688
2677,9.292422341904711,0.006131430744449308
2678,9.29673256063791,0.006130001086389914
2679,9.301014117632901,0.006163883387320329
2680,9.305295674627892,0.006197765688250744
2681,9.309604016154598,0.0061596497457513805
2682,9.313918508203397,0.006105000873282969
2683,9.318020311230002,0.006084964641637025
2684,9.321906647579302,0.006099993081565838
2685,9.325712836368314,0.006117599194176824
2686,9.329154549491212,0.006146927422401539
2687,9.332596262614109,0.006176255650626254
2688,9.336037975737005,0.006163021912082222
2689,9.339479688859903,0.006143075073631252
2690,9.342678074813936,0.006144561921392258
2691,9.345675164710428,0.006163780108210316
2692,9.348676054805441,0.006177932764925798
2693,9.351689612228839,0.0061752003213023775
2694,9.354703169652238,0.0061724678776789565
2695,9.357716727075635,0.006211205520741639
2696,9.360730284499033,0.006253831641267
2697,9.363999783003239,0.0062947154807793775
2698,9.367441496126135,0.006334426994773091
2699,9.37076277805829,0.006351337334549322
2700,9.373776335481688,0.006309986354381556
2701,9.376789892905085,0.006268635374213791
2702,9.379803450328485,0.006264465981371687
2703,9.382817007751882,0.006261653841475917
2704,9.386108132285395,0.006288889132476884
2705,9.389549845408292,0.006332426067543385
2706,9.392844037571907,0.006353056396755994
2707,9.395841127468401,0.0063275535896040675
2708,9.398851815665635,0.006302599550324521
2709,9.402738152014937,0.006312982836093519
2710,9.406624488364235,0.006323366121862518
2711,9.410499317285096,0.006332890169335442
2712,9.414369186107493,0.006342043855473901
2713,9.418396442669655,0.0063457133449280265
2714,9.422677999664648,0.0063405217020435275
2715,9.426933550481833,0.006337877216600196
2716,9.43081988683113,0.006371395191714155
2717,9.434706223180433,0.006404913166828115
2718,9.438580220330934,0.006403829516996315
2719,9.442450089153331,0.006391169194874466
2720,9.446134648697063,0.006377168565682636
2721,9.449576361819963,0.00636141147412091
2722,9.453067874331458,0.006350008439042005
2723,9.456937743153857,0.006371685825121142
2724,9.46080761197625,0.006393363211200279
2725,9.46500675502753,0.006391619875026151
2726,9.469288312022519,0.00638401457360763
2727,9.473585787118123,0.006383430668892075
2728,9.477900279166922,0.006390352859404741
2729,9.482214771215721,0.006396766040493507
2730,9.486529263264522,0.006400637002293353
2731,9.490843755313321,0.006404507964093199
2732,9.494780173395267,0.00640292846796585
2733,9.498650042217664,0.006400389572432421
2734,9.502519911040059,0.006417001586684587
2735,9.506389779862458,0.006450337398890318
2736,9.510073545790426,0.006467085159537872
2737,9.513087103213826,0.006424094713196053
2738,9.516100660637223,0.006381104266854236
2739,9.519099383550751,0.0063884920785923305
2740,9.522096473447244,0.006401425645076521
2741,9.52510318593476,0.0064092232600470615
2742,9.52811674335816,0.006413367466209249
2743,9.53205213126589,0.0064264655137503505
2744,9.538507401812186,0.006464039459867825
2745,9.544962672358482,0.006501613405985299
2746,9.550603296332866,0.006543620029912325
2747,9.556202255480164,0.00658585336166682
2748,9.560703506682517,0.006604657619572699
2749,9.564573375504914,0.006609985884638369
2750,9.568306940821484,0.006606484925417902
2751,9.57174865394438,0.0065840788877058526
2752,9.575190367067277,0.006561745951513813
2753,9.578632080190175,0.0065787781834331345
2754,9.582073793313072,0.006595810415352457
2755,9.58551550643597,0.006624640650029262
2756,9.588957219558868,0.006658887276776134
2757,9.592556862216899,0.006669818064222725
2758,9.596426731039294,0.006640854161814466
2759,9.600296599861691,0.006615457714841881
2760,9.604166468684088,0.00665462274011091
2761,9.608036337506483,0.006693787765379939
2762,9.611906206328882,0.006683623277690453
2763,9.615776075151278,0.006655752352731564
2764,9.619645943973675,0.006648354917931814
2765,9.623515812796072,0.006669303652378039
2766,9.627428033228444,0.006687514055404827
2767,9.631709590223437,0.0066818442348862295
2768,9.635991147218428,0.006676174414367631
2769,9.639961912074517,0.006636572584306902
2770,9.643848248423817,0.006587752924901787
2771,9.6481214724534,0.006573855870265601
2772,9.65283118514789,0.006599358677417527
2773,9.657414606104531,0.006625560000818635
2774,9.661300942453831,0.0066556168806762624
2775,9.665187278803131,0.006685673760533889
2776,9.669431932665551,0.006673349654752108
2777,9.67374642471435,0.006652765246122338
2778,9.677829539616132,0.006646637169400223
2779,9.681699408438527,0.0066538326042752316
2780,9.685481979527935,0.006660573053943838
2781,9.688923692650832,0.006665536993193051
2782,9.692365405773728,0.006670500932442265
2783,9.695427175354201,0.006655864737876369
2784,9.698440732777598,0.006638741424502933
2785,9.701689322559037,0.006654065056133158
2786,9.70511456815503,0.00669377657012687
2787,9.7084350793642,0.006715321765698044
2788,9.711448636787598,0.0066836254196663645
2789,9.714462194210995,0.006651929073634685
2790,9.717877321206126,0.0066843020729907875
2791,9.721319034329023,0.0067209168175446235
2792,9.725835219243272,0.006739034363809865
2793,9.73100602269107,0.006745882550641062
2794,9.736563454367847,0.006748476441139449
2795,9.74300225738724,0.006741372087718555
2796,9.74944106040663,0.006734267734297662
2797,9.75291749421875,0.006771096212162265
2798,9.75635920734165,0.006808439608349014
2799,9.760099671010558,0.0068263828236348675
2800,9.763986007359858,0.006834853398867471
2801,9.769089750276441,0.00684799772838529
2802,9.776401332221736,0.006869618188555606
2803,9.783578945722919,0.0068901878987994054
2804,9.787448814545314,0.006884814093006678
2805,9.791318683367713,0.006879440287213952
2806,9.798281669592923,0.006873885531947566
2807,9.806433095410311,0.006868261252156025
2808,9.81302698926229,0.006857007859937755
2809,9.81734148131109,0.006837516428757354
2810,9.821653027824492,0.006823189459527485
2811,9.825934584819485,0.006861443670255374
2812,9.830216141814477,0.006899697880983262
2813,9.834192217791387,0.006911745439419623
2814,9.838078554140687,0.006916094400960101
2815,9.842355746249035,0.0069152364661169375
2816,9.847098393997335,0.0069081778313165665
2817,9.851718901228658,0.006904401328968389
2818,9.855588770051055,0.006920795812815448
2819,9.85945863887345,0.006937190296662506
2820,9.867925397227593,0.006951714594342578
2821,9.87737775767038,0.006965837912321134
2822,9.883565961253447,0.006977187915034382
2823,9.886579518676847,0.006985840653175214
2824,9.88967462011901,0.00699978417708099
2825,9.893116333241908,0.007036216758726598
2826,9.896558046364804,0.0070726493403722055
2827,9.899625569659499,0.007083927908719702
2828,9.902639127082898,0.007091578750865281
2829,9.905652684506295,0.007093853861550187
2830,9.908666241929694,0.007091861454741443
2831,9.911576629305017,0.007096494400694398
2832,9.914162031028917,0.007121997207846324
2833,9.916747432752816,0.007147500014998249
2834,9.919713426647398,0.007131743936390473
2835,9.922710516543892,0.00711261683102653
2836,9.930423149158322,0.007095959961902473
2837,9.941176444226514,0.007080895943280647
2838,9.949923402358358,0.00707667381285634
2839,9.953793271180755,0.007098806606206047
2840,9.957663140003152,0.007120939399555754
2841,9.961115566938732,0.007076559264632672
2842,9.96455728006163,0.007030472048850978
2843,9.968280925181277,0.007022319224650541
2844,9.972150794003674,0.007033841028595963
2845,9.97602629444556,0.00704977032235083
2846,9.97991263079486,0.0070741801520533875
2847,9.983765391093014,0.007097183241781144
2848,9.986334325290008,0.007066397710290605
2849,9.988903259487003,0.007035612178800066
2850,9.991180310966634,0.0070235859237241524
2851,9.993337556991035,0.007019259554653738
2852,9.995155475048524,0.007011590669263666
2853,9.996448175910473,0.006998748184233588
2854,9.997708025658744,0.006988958236315291
2855,9.998568453939468,0.0070162826725494966
2856,9.999428882220192,0.007043607108783705
2857,10.000289505924025,0.007073283539972473
2858,10.001150191509858,0.007103704745646555
2859,10.00182108894351,0.00710797958067843
2860,10.002253361524737,0.0070793800040866274
2861,10.002685373700793,0.007055052339731888
2862,10.003115587841155,0.007060221212252858
2863,10.003545801981517,0.007065390084773828
2864,10.00362837235912,0.007097063280584091
2865,10.003629401579552,0.007134953165495524
2866,10.00384122306143,0.00715079515527102
2867,10.00426937876093,0.007144009586939525
2868,10.004622108532349,0.007140142254891718
2869,10.004624166973212,0.007149842429754862
2870,10.004626225414075,0.0071595426046180055
2871,10.004626512527466,0.007148982241814487
2872,10.004626512527466,0.007135137860789155
2873,10.004626512527466,0.007136901835901723
2874,10.004626512527466,0.007151748112922307
2875,10.004626512527466,0.007169392042484967
2876,10.004626512527466,0.007196534315810945
